5000 0 0
0 1
0 2
0 3
0 6
0 11
0 21
0 25
0 26
0 33
0 45
0 47
0 59
0 66
0 90
0 92
0 101
0 112
0 120
0 128
0 130
0 141
0 142
0 144
0 150
0 151
0 164
0 169
0 179
0 201
0 207
0 213
0 227
0 235
0 243
0 263
0 291
0 337
0 368
0 440
0 446
0 530
0 541
0 542
0 553
0 573
0 591
0 637
0 701
0 702
0 710
0 877
0 881
0 950
0 1019
0 1025
0 1093
0 1104
0 1128
0 1135
0 1170
0 1234
0 1258
0 1280
0 1293
0 1305
0 1306
0 1319
0 1323
0 1549
0 1655
0 1675
0 1774
0 1858
0 1868
0 1879
0 2020
0 2045
0 2051
0 2052
0 2096
0 2118
0 2137
0 2150
0 2152
0 2235
0 2334
0 2347
0 2368
0 2400
0 2447
0 2458
0 2572
0 2578
0 2579
0 2603
0 2670
0 2686
0 2745
0 2776
0 2881
0 2885
0 2907
0 2937
0 2973
0 2989
0 3040
0 3042
0 3049
0 3053
0 3059
0 3079
0 3098
0 3210
0 3217
0 3267
0 3354
0 3405
0 3522
0 3555
0 3626
0 3646
0 3704
0 3777
0 3782
0 3856
0 3901
0 3905
0 4068
0 4072
0 4111
0 4141
0 4195
0 4215
0 4246
0 4254
0 4256
0 4374
0 4405
0 4427
0 4500
0 4557
0 4589
0 4787
0 4823
0 4864
0 4918
0 4972
1 0
1 2
1 5
1 16
1 17
1 27
1 35
1 41
1 54
1 57
1 61
1 64
1 81
1 105
1 110
1 131
1 132
1 137
1 167
1 227
1 301
1 327
1 360
1 388
1 407
1 424
1 425
1 534
1 543
1 544
1 554
1 563
1 575
1 635
1 657
1 729
1 770
1 843
1 882
1 914
1 922
1 945
1 1036
1 1059
1 1129
1 1173
1 1276
1 1281
1 1292
1 1302
1 1345
1 1367
1 1396
1 1419
1 1448
1 1456
1 1479
1 1483
1 1504
1 1536
1 1554
1 1589
1 1712
1 1734
1 1788
1 1797
1 1802
1 1847
1 1896
1 2006
1 2030
1 2037
1 2061
1 2125
1 2206
1 2220
1 2243
1 2249
1 2269
1 2299
1 2344
1 2401
1 2430
1 2496
1 2550
1 2797
1 2911
1 3024
1 3157
1 3160
1 3178
1 3270
1 3273
1 3379
1 3381
1 3385
1 3396
1 3519
1 3545
1 3595
1 3687
1 3751
1 3759
1 3836
1 3932
1 4038
1 4315
1 4385
1 4409
1 4515
1 4732
1 4791
1 4794
1 4877
1 4910
2 0
2 1
2 4
2 6
2 13
2 14
2 49
2 76
2 143
2 154
2 163
2 198
2 234
2 241
2 251
2 359
2 405
2 412
2 414
2 421
2 426
2 488
2 497
2 503
2 551
2 600
2 835
2 849
2 991
2 1009
2 1067
2 1137
2 1153
2 1171
2 1176
2 1198
2 1253
2 1277
2 1374
2 1417
2 1430
2 1544
2 1606
2 1834
2 1866
2 1898
2 1960
2 1980
2 2046
2 2266
2 2365
2 2506
2 2584
2 2770
2 2851
2 2863
2 2951
2 2961
2 3043
2 3247
2 3288
2 3313
2 3320
2 3415
2 3581
2 3854
2 3939
2 3988
2 3999
2 4237
2 4327
2 4545
2 4622
2 4625
2 4665
2 4800
2 4853
2 4957
3 0
3 9
3 135
3 346
3 510
3 823
3 1094
3 1124
3 1184
3 1364
3 1425
3 1538
3 1756
3 1778
3 2551
3 2891
3 2917
3 2923
3 3087
3 3321
3 4069
3 4258
4 2
4 5
4 22
4 25
4 58
4 78
4 83
4 92
4 99
4 108
4 124
4 158
4 168
4 177
4 191
4 194
4 254
4 261
4 271
4 310
4 345
4 393
4 432
4 453
4 459
4 478
4 500
4 504
4 539
4 545
4 618
4 646
4 667
4 720
4 724
4 753
4 761
4 762
4 800
4 891
4 893
4 895
4 935
4 948
4 973
4 1087
4 1108
4 1173
4 1424
4 1437
4 1503
4 1529
4 1591
4 1593
4 1649
4 1653
4 1672
4 1696
4 1702
4 1705
4 1710
4 1732
4 1807
4 1848
4 1860
4 1941
4 1946
4 2054
4 2097
4 2362
4 2422
4 2536
4 2666
4 2786
4 2792
4 2812
4 2815
4 2851
4 2860
4 2867
4 2944
4 3069
4 3085
4 3132
4 3137
4 3189
4 3197
4 3215
4 3330
4 3436
4 3593
4 3639
4 3801
4 3835
4 3859
4 3915
4 3923
4 3927
4 4000
4 4009
4 4013
4 4015
4 4089
4 4170
4 4174
4 4241
4 4353
4 4368
4 4424
4 4439
4 4451
4 4586
4 4600
4 4664
4 4665
4 4706
4 4834
4 4912
5 1
5 4
5 8
5 11
5 15
5 17
5 19
5 33
5 63
5 69
5 73
5 83
5 94
5 110
5 118
5 119
5 122
5 123
5 127
5 137
5 142
5 155
5 161
5 170
5 178
5 190
5 219
5 238
5 249
5 271
5 304
5 334
5 344
5 350
5 380
5 393
5 410
5 436
5 444
5 466
5 483
5 491
5 497
5 502
5 521
5 524
5 528
5 540
5 594
5 603
5 604
5 612
5 636
5 707
5 730
5 783
5 795
5 805
5 855
5 870
5 928
5 936
5 961
5 978
5 1014
5 1024
5 1110
5 1139
5 1169
5 1197
5 1209
5 1215
5 1255
5 1332
5 1342
5 1431
5 1474
5 1500
5 1590
5 1669
5 1727
5 1736
5 1772
5 1816
5 1934
5 1942
5 1943
5 1984
5 2016
5 2057
5 2059
5 2065
5 2149
5 2168
5 2246
5 2247
5 2261
5 2402
5 2446
5 2454
5 2466
5 2470
5 2485
5 2490
5 2713
5 2759
5 2800
5 2821
5 2879
5 2883
5 2898
5 2933
5 3034
5 3089
5 3108
5 3125
5 3211
5 3231
5 3235
5 3243
5 3333
5 3394
5 3515
5 3702
5 3723
5 3751
5 3766
5 3796
5 3925
5 3948
5 3949
5 3992
5 4055
5 4057
5 4071
5 4077
5 4078
5 4336
5 4342
5 4399
5 4450
5 4516
5 4563
5 4610
5 4659
5 4801
5 4812
5 4841
5 4869
5 4957
6 0
6 2
6 29
6 33
6 80
6 171
6 200
6 235
6 238
6 313
6 336
6 342
6 497
6 644
6 733
6 735
6 1012
6 1140
6 1177
6 1196
6 1217
6 1239
6 1369
6 1372
6 1410
6 1503
6 1694
6 2141
6 2376
6 2678
6 2723
6 3028
6 3067
6 3100
6 3681
6 4278
6 4387
6 4597
6 4728
6 4829
6 4870
8 5
9 3
9 10
9 23
9 38
9 39
9 45
9 50
9 61
9 78
9 90
9 141
9 153
9 160
9 164
9 173
9 226
9 245
9 251
9 252
9 268
9 294
9 325
9 330
9 357
9 404
9 412
9 458
9 533
9 617
9 682
9 709
9 721
9 813
9 822
9 824
9 836
9 850
9 982
9 1078
9 1208
9 1241
9 1298
9 1311
9 1357
9 1378
9 1498
9 1507
9 1665
9 1741
9 1854
9 1989
9 2000
9 2021
9 2070
9 2074
9 2101
9 2177
9 2213
9 2420
9 2486
9 2623
9 2673
9 2736
9 2817
9 2878
9 3138
9 3353
9 3358
9 3385
9 3449
9 3715
9 3733
9 3986
9 4299
9 4358
9 4366
9 4384
9 4464
9 4515
9 4579
9 4750
9 4752
9 4775
9 4999
10 9
10 37
10 132
10 294
10 319
10 441
10 670
10 832
10 1230
10 1460
10 1931
10 1935
10 2068
10 2181
10 2750
10 3021
10 3296
10 3304
10 3426
10 3815
10 3871
10 3884
10 3997
10 4090
10 4492
10 4540
10 4580
10 4673
10 4938
10 4979
10 4984
11 0
11 5
11 65
11 68
11 258
11 677
11 764
11 1043
11 2747
11 2765
11 3374
11 4951
13 2
13 219
13 682
13 2958
14 2
14 38
14 82
14 464
14 475
14 518
14 781
14 926
14 1063
14 1198
14 1310
14 1330
14 1525
14 1582
14 2008
14 2325
14 2518
14 2529
14 2637
14 2697
14 3022
14 3270
14 3425
14 3434
14 4015
14 4336
14 4473
14 4805
14 4886
14 4923
15 5
16 1
16 81
16 97
16 146
16 210
16 288
16 328
16 566
16 810
16 902
16 916
16 1103
16 1113
16 1128
16 1375
16 1457
16 1604
16 1642
16 1751
16 1959
16 1996
16 2535
16 2577
16 3165
16 3327
16 3346
16 3564
16 3574
16 3608
16 3629
16 3760
16 3892
16 4563
16 4672
16 4676
17 1
17 5
17 97
17 180
17 366
17 2403
17 3636
17 4576
19 5
19 409
19 1327
19 3415
21 0
21 32
21 67
21 263
21 917
21 4153
21 4899
22 4
22 59
22 117
22 405
22 740
22 979
22 1167
22 1208
22 1276
23 9
23 1251
23 4867
25 0
25 4
25 51
25 71
25 74
25 93
25 105
25 113
25 124
25 127
25 128
25 132
25 142
25 163
25 217
25 248
25 283
25 297
25 468
25 519
25 536
25 927
25 957
25 1140
25 1444
25 1612
25 1615
25 1643
25 1675
25 1683
25 1730
25 2065
25 2298
25 2310
25 2331
25 2500
25 2506
25 2527
25 2566
25 2696
25 2829
25 2830
25 2850
25 2872
25 2963
25 3038
25 3119
25 3153
25 3285
25 3605
25 3930
25 4258
25 4338
25 4368
25 4444
25 4577
25 4638
25 4688
25 4696
25 4874
26 0
26 1017
26 1606
27 1
27 560
27 562
27 1097
27 1776
27 2032
27 2712
27 2855
27 4442
29 6
29 44
29 50
29 51
29 103
29 116
29 174
29 180
29 215
29 287
29 289
29 355
29 361
29 369
29 416
29 572
29 595
29 626
29 812
29 976
29 1124
29 1326
29 1420
29 1454
29 1480
29 1593
29 1658
29 1858
29 2093
29 2818
29 2900
29 3216
29 3452
29 3525
29 3583
29 3683
29 3865
29 4616
29 4703
29 4939
32 21
32 1041
32 2572
32 3640
33 0
33 5
33 6
33 130
33 349
33 354
33 658
33 733
33 766
33 831
33 899
33 982
33 1259
33 1266
33 1278
33 1304
33 1321
33 1729
33 1808
33 1862
33 1981
33 2456
33 2477
33 2739
33 2825
33 2902
33 3065
33 3076
33 3136
33 3303
33 3965
33 4237
33 4783
35 1
35 44
35 131
35 205
35 1551
35 3341
35 3563
35 4375
35 4566
37 10
37 89
37 220
37 1007
37 1978
37 2441
37 2973
37 4990
38 9
38 14
38 53
38 105
38 108
38 1419
38 1929
38 4517
39 9
39 1992
41 1
41 807
41 3717
44 29
44 35
44 671
44 741
44 830
44 1901
44 1979
44 2411
44 2428
45 0
45 9
45 88
45 666
45 1680
45 2025
45 3872
45 4944
47 0
47 67
47 107
47 244
47 351
47 394
47 451
47 1861
47 2111
47 3319
47 3894
47 4049
47 4202
47 4864
47 4934
49 2
50 9
50 29
50 77
50 165
50 268
50 274
50 285
50 359
50 384
50 439
50 498
50 617
50 691
50 1344
50 1949
50 2291
50 2473
50 2507
50 2861
50 2917
50 3371
50 3522
50 3539
50 3582
50 3965
50 4173
51 25
51 29
51 200
51 257
51 549
51 599
51 1179
51 1213
51 2009
51 2040
51 2135
51 2195
51 2367
51 2389
51 2760
53 38
53 63
53 68
53 117
53 225
53 253
53 351
53 379
53 569
53 606
53 632
53 675
53 730
53 1021
53 1290
53 1644
53 1657
53 1776
53 2143
53 2354
53 2451
53 2589
53 2928
53 2982
53 3309
53 4152
53 4610
53 4965
54 1
54 65
54 602
54 1580
54 2133
54 3650
57 1
57 339
57 381
57 931
57 1349
57 2190
57 2981
57 3077
58 4
58 72
58 140
58 193
58 981
58 1380
58 2141
59 0
59 22
59 100
59 208
59 291
59 370
59 536
59 580
59 586
59 614
59 713
59 843
59 971
59 1083
59 1145
59 1246
59 1449
59 1801
59 1806
59 2095
59 2425
59 3011
59 3525
59 3664
59 4443
59 4526
59 4537
59 4565
61 1
61 9
61 562
61 1438
61 2479
61 3882
61 4383
63 5
63 53
63 74
63 598
63 2000
63 2391
63 3877
63 4904
64 1
64 128
65 11
65 54
65 116
65 196
65 609
65 781
65 990
65 1132
65 1263
65 1285
65 1775
65 2628
65 2844
65 2980
65 4156
65 4200
65 4213
65 4260
65 4368
66 0
66 1093
66 2554
66 3775
67 21
67 47
67 348
67 482
67 2355
68 11
68 53
68 135
68 706
68 930
68 969
68 1487
68 1783
68 1921
68 1953
68 1978
68 1984
68 2711
68 2715
68 2721
68 2945
68 2958
68 3205
68 3213
68 3297
68 3509
68 3945
68 4440
69 5
69 1178
69 2936
69 3150
69 3840
71 25
72 58
72 345
73 5
73 456
73 743
73 3070
73 4405
73 4432
73 4944
74 25
74 63
74 331
74 350
74 485
74 1748
74 1996
74 2799
74 3990
74 4746
76 2
76 371
76 3210
77 50
77 244
77 306
77 397
77 1029
77 1236
77 1342
77 1983
77 2060
77 2106
77 2972
77 3295
77 3819
77 4253
78 4
78 9
78 201
78 203
78 517
78 590
78 611
78 946
78 1203
78 1216
78 1254
78 1338
78 1722
78 1748
78 1910
78 2272
78 2287
78 3114
78 3196
78 3203
78 3788
78 3877
78 4089
78 4137
78 4225
78 4437
80 6
80 2616
81 1
81 16
81 102
81 111
81 193
81 296
81 400
81 453
81 463
81 636
81 652
81 701
81 983
81 1002
81 1072
81 1129
81 1134
81 1152
81 1353
81 1557
81 1566
81 1620
81 1691
81 1887
81 1904
81 1985
81 2064
81 2114
81 2207
81 2449
81 2503
81 2954
81 3032
81 3057
81 3118
81 3206
81 3546
81 3617
81 3834
81 3835
81 3967
81 4265
81 4668
82 14
82 731
82 1926
82 3277
82 4272
82 4388
82 4960
83 4
83 5
83 106
83 1399
83 2518
83 2657
83 2745
83 3863
88 45
88 365
88 486
88 1133
88 2525
88 4941
89 37
90 0
90 9
90 1228
90 1664
90 1746
90 3662
90 4733
92 0
92 4
92 283
92 776
92 801
92 3293
93 25
93 152
93 223
93 2249
94 5
94 206
94 1027
94 1128
94 1251
94 1664
94 2214
94 3215
94 3295
97 16
97 17
97 204
99 4
99 908
99 996
99 4548
100 59
100 101
100 239
100 364
100 987
100 1068
100 1083
100 1533
100 1968
100 2058
100 3875
100 4045
100 4963
101 0
101 100
101 267
101 768
101 1651
101 1745
101 1871
101 2087
101 2201
101 2847
101 3570
102 81
102 117
102 3037
103 29
105 1
105 25
105 38
105 824
105 2368
105 2931
105 3562
105 3779
105 4127
105 4608
106 83
106 793
107 47
107 642
107 912
107 1693
107 2389
107 4679
108 4
108 38
108 188
108 338
108 1652
108 1912
108 3472
110 1
110 5
110 417
110 441
110 1062
110 2720
110 3764
111 81
111 477
111 554
112 0
112 419
112 468
112 607
112 2661
113 25
113 1053
113 1092
113 1211
113 1940
113 2320
113 3279
113 4797
113 4931
116 29
116 65
116 944
116 2797
116 2829
116 2837
117 22
117 53
117 102
117 131
117 200
117 587
117 838
117 1179
117 1315
117 1523
117 1567
117 2170
117 2218
117 2444
117 2514
117 2611
117 2651
117 3485
117 3869
117 4160
117 4436
117 4636
117 4993
118 5
118 834
118 1375
118 1795
118 1841
119 5
119 476
119 2029
120 0
120 341
122 5
122 162
122 261
122 352
122 493
122 673
122 867
122 980
122 1141
122 1336
122 1438
122 1700
122 1866
122 2005
122 2755
122 3242
122 3248
122 3400
122 3529
122 3545
122 4856
123 5
123 1538
124 4
124 25
124 125
124 192
124 533
124 680
124 968
124 1624
124 1713
124 2093
124 2186
124 2931
124 2996
124 3219
124 3897
124 4268
124 4678
124 4827
125 124
125 315
125 625
125 844
125 1495
125 1600
125 2066
125 2132
125 2408
125 2817
125 3522
125 3940
127 5
127 25
127 294
127 499
127 560
127 2107
127 2732
127 3020
127 3582
128 0
128 25
128 64
128 581
128 595
128 778
128 931
128 1113
128 1349
128 2537
128 4574
130 0
130 33
130 406
130 461
130 1086
131 1
131 35
131 117
131 465
131 744
131 1250
131 1338
131 2469
131 3499
131 3715
131 3829
131 4674
132 1
132 10
132 25
132 210
132 725
132 1192
132 1304
132 1407
132 1802
132 1914
132 2082
132 2209
132 2638
132 2661
132 2778
132 3376
132 4990
135 3
135 68
135 679
135 1938
135 2516
135 2565
135 3948
135 4093
135 4639
137 1
137 5
137 334
137 462
137 472
137 761
137 852
137 861
137 1593
137 2636
137 3017
137 3310
137 3420
137 4307
137 4553
140 58
140 157
140 4492
141 0
141 9
141 300
141 609
141 1792
141 2223
141 2542
141 3055
141 3902
141 4640
141 4976
142 0
142 5
142 25
142 312
142 445
142 488
142 565
142 738
142 911
142 1624
142 1854
142 2806
142 3274
142 3376
142 3885
142 4048
142 4497
142 4969
143 2
143 311
143 343
143 1193
143 1206
143 1651
143 2425
143 2496
143 4102
144 0
144 4289
146 16
146 218
146 756
146 1237
146 1455
146 1486
146 1719
146 3631
146 3709
146 4073
150 0
150 241
150 755
150 865
150 1910
150 3075
150 3667
150 4640
151 0
151 972
151 1038
151 1118
151 3526
151 3533
151 4209
151 4603
152 93
152 155
152 342
152 723
152 4183
153 9
153 1764
153 2199
153 3934
153 4852
154 2
155 5
155 152
155 168
155 1045
155 1133
155 1376
155 2155
155 2766
155 4332
155 4645
157 140
157 272
157 1885
157 2369
158 4
160 9
160 173
160 495
160 825
160 2453
160 2946
161 5
161 182
161 275
161 508
161 587
161 1095
161 1116
161 1231
161 1502
161 1803
161 2145
161 3442
161 4200
161 4829
162 122
162 278
162 501
162 1598
162 1686
162 1769
162 2933
162 3080
162 3212
162 3693
163 2
163 25
163 191
163 483
163 601
163 940
163 1106
163 1730
163 2335
163 2482
163 3148
163 4529
164 0
164 9
164 362
164 1242
164 1333
164 3679
164 3922
164 4202
164 4494
164 4693
164 4922
165 50
165 340
165 529
165 1294
165 2405
165 2464
167 1
167 2869
168 4
168 155
168 198
168 876
168 1062
168 1150
168 1452
168 1623
168 1635
168 1972
168 3262
168 4355
169 0
169 217
170 5
170 1155
171 6
171 3481
171 3901
171 4542
173 9
173 160
173 852
173 1161
173 2499
174 29
177 4
177 776
177 1286
178 5
178 951
178 2469
178 2626
178 3310
179 0
180 17
180 29
180 781
180 2276
180 3852
182 161
182 2710
182 4117
188 108
188 378
190 5
190 784
190 988
191 4
191 163
191 328
191 728
191 742
191 752
191 922
191 1266
191 1294
191 1509
191 2462
191 2566
191 2914
191 3093
191 3149
191 4378
191 4706
191 4953
192 124
192 257
192 494
192 557
192 833
192 2175
192 3508
192 3515
192 3708
192 4101
192 4832
193 58
193 81
193 535
193 710
193 1266
193 1770
193 3576
193 4352
193 4537
193 4789
194 4
194 601
194 654
194 667
194 926
194 2079
194 2212
194 3193
194 4450
194 4983
196 65
196 559
196 653
196 875
196 1804
196 2071
196 2584
196 2634
196 3029
196 3614
196 3888
196 4667
198 2
198 168
198 312
198 330
198 1214
198 2199
198 4498
200 6
200 51
200 117
200 310
200 389
200 907
200 1054
200 1293
200 1541
200 2195
200 2451
200 2590
200 2845
200 2905
200 2976
200 3051
200 3300
200 3824
201 0
201 78
201 422
201 546
203 78
203 479
203 1532
204 97
204 1745
204 2480
205 35
205 302
205 623
205 1336
205 2512
205 2634
205 2939
205 3771
205 4657
206 94
206 3345
207 0
207 299
207 753
207 840
207 870
207 897
207 925
207 1038
207 1227
207 1328
207 2244
207 2442
207 2777
207 3608
207 3949
207 3963
207 4235
207 4816
208 59
208 303
208 808
208 1265
208 1583
208 4836
210 16
210 132
210 1206
210 3117
210 3686
210 3795
213 0
213 223
213 347
213 647
213 661
213 1052
213 1381
213 1861
213 2555
213 3171
213 3974
213 4396
215 29
215 1625
217 25
217 169
217 639
217 1710
217 4492
218 146
218 1458
218 3717
218 3807
219 5
219 13
219 332
219 850
219 889
219 2560
219 3279
219 4442
219 4551
219 4578
220 37
220 236
220 262
220 2128
220 2410
220 3293
220 3457
220 4070
220 4097
220 4256
220 4710
220 4728
223 93
223 213
225 53
225 1492
225 3379
225 4901
226 9
227 0
227 1
227 2116
227 4046
234 2
234 1212
234 3004
235 0
235 6
235 282
235 2077
235 4504
235 4784
236 220
238 5
238 6
238 458
238 606
238 994
238 2490
238 2504
238 2791
238 3711
238 4028
239 100
239 1757
239 1786
239 2296
239 2548
239 3322
239 3866
239 4510
241 2
241 150
243 0
243 571
243 885
243 1884
243 2361
243 2863
243 3301
243 4817
244 47
244 77
244 1611
244 2978
244 4125
244 4161
245 9
248 25
248 344
248 613
248 780
248 1263
248 1359
248 2846
248 4130
248 4249
248 4508
249 5
249 573
249 4254
251 2
251 9
251 269
251 570
251 579
251 617
251 687
251 1011
251 1039
251 1619
251 1715
251 2265
251 3730
251 4477
251 4597
252 9
252 867
252 927
252 993
252 1256
252 1795
252 4926
253 53
253 334
253 653
253 948
253 1013
253 1412
253 2048
253 2912
253 2954
253 3588
253 3601
253 4341
253 4404
254 4
254 1041
254 1532
254 3692
254 3742
257 51
257 192
257 654
257 1045
257 2026
257 2102
257 2495
257 2700
258 11
261 4
261 122
261 956
261 1163
261 1823
261 2018
261 2755
261 2836
261 4779
261 4909
262 220
262 632
262 1969
262 2769
262 3283
262 4008
263 0
263 21
263 440
263 546
263 749
263 1033
263 1330
263 1590
263 1801
263 1813
263 1917
263 2044
263 2049
263 2465
263 2607
263 2757
263 2790
263 3388
263 3527
263 3702
263 3892
263 4010
263 4280
263 4281
263 4711
267 101
268 9
268 50
268 295
268 418
268 446
268 720
268 814
268 1261
268 1426
268 1853
268 1859
268 2332
268 2348
268 2517
268 2596
268 2690
268 2810
268 3131
268 3836
268 4309
268 4947
268 4974
269 251
271 4
271 5
271 2174
271 3060
271 3323
271 4936
272 157
272 434
272 2407
272 2515
272 2638
272 3045
272 3077
272 3312
272 4446
274 50
274 1295
274 3858
274 4384
275 161
275 366
275 507
275 1470
275 2983
278 162
282 235
283 25
283 92
283 301
283 1067
283 1305
283 1382
283 4220
283 4622
285 50
285 762
285 881
285 3023
287 29
287 413
287 4798
288 16
288 1915
288 3531
288 4550
289 29
289 759
289 1191
289 2322
289 3610
289 4398
291 0
291 59
291 380
291 508
291 829
291 933
291 1143
291 1521
291 1617
291 1837
291 1967
291 2078
291 2627
291 2767
291 3904
291 4042
291 4582
291 4919
294 9
294 10
294 127
294 438
294 972
294 973
294 1015
294 1220
294 1339
294 1510
294 1528
294 1530
294 2196
294 3368
294 3854
295 268
295 2776
296 81
297 25
297 530
299 207
299 3821
300 141
300 3474
301 1
301 283
301 774
301 1538
301 2414
301 2671
301 3056
301 3292
301 4824
302 205
302 439
302 512
302 1601
302 2429
302 2752
302 3731
302 3973
303 208
303 648
304 5
306 77
306 320
306 335
306 372
306 1027
306 1076
306 2795
306 4951
310 4
310 200
310 557
310 1159
310 2260
310 2757
311 143
311 1158
311 1902
312 142
312 198
312 2694
312 3706
312 4528
312 4599
312 4747
313 6
315 125
315 505
315 693
315 739
315 1385
315 4748
319 10
320 306
325 9
325 4745
327 1
328 16
328 191
328 970
330 9
330 198
330 1247
331 74
331 563
331 599
331 626
331 873
331 1370
331 1744
331 1777
331 3136
332 219
332 748
332 802
332 1514
332 1543
332 2119
334 5
334 137
334 253
334 583
334 843
334 1434
334 1577
334 1884
334 2253
334 2635
334 2652
334 2716
334 3057
334 3101
334 3178
334 3363
334 3473
334 3643
334 3798
334 4018
334 4021
334 4835
334 4967
335 306
335 387
335 411
335 591
335 1014
335 1594
335 3671
335 4800
336 6
337 0
338 108
338 3107
339 57
339 396
340 165
340 559
340 646
340 1840
340 2103
340 2147
340 2178
340 2228
340 3156
341 120
341 997
341 2094
341 2592
341 2599
341 2745
341 3868
341 4149
342 6
342 152
342 870
342 1295
342 1485
342 1708
342 1751
342 1794
342 1913
342 2730
342 2801
342 3321
342 3472
342 3535
342 3716
342 3803
342 4518
342 4964
343 143
343 2490
344 5
344 248
345 4
345 72
345 1194
345 1195
345 2432
345 2811
345 3088
346 3
346 666
346 2346
346 4660
346 4774
347 213
347 2742
347 4757
347 4832
348 67
348 2685
349 33
350 5
350 74
350 770
350 1466
350 3120
350 3146
350 3591
350 4654
350 4982
351 47
351 53
352 122
354 33
354 699
354 877
354 1823
354 2856
355 29
357 9
357 4222
359 2
359 50
359 444
359 512
359 564
359 1351
359 1762
359 2336
359 2493
359 2717
359 2734
359 2883
359 3026
359 3139
359 4872
359 4896
360 1
360 480
360 1121
360 1485
360 1823
360 2738
360 4119
361 29
361 1380
361 2611
361 2989
362 164
364 100
364 430
364 504
364 948
364 2355
364 3273
365 88
366 17
366 275
366 610
366 871
366 1001
366 2053
366 2287
366 3900
366 4545
368 0
368 1120
368 1150
368 2087
368 2781
368 3480
369 29
369 1779
369 4393
369 4756
370 59
370 1962
371 76
371 509
371 521
371 1617
371 1732
371 4318
372 306
372 4514
378 188
378 1500
379 53
379 1814
380 5
380 291
380 457
381 57
381 447
381 683
381 700
381 974
381 1108
381 1531
381 1717
381 2189
381 2311
381 2822
381 2867
381 3754
384 50
384 717
387 335
388 1
388 663
389 200
393 4
393 5
393 662
393 1001
393 1068
393 1816
393 2862
393 3565
393 3692
393 4199
393 4367
394 47
394 473
394 485
394 1531
394 2216
394 2374
394 2976
394 3837
394 4662
396 339
396 1605
396 3171
396 4510
397 77
397 818
400 81
404 9
405 2
405 22
405 827
405 1143
405 1550
405 1914
405 2746
405 2793
405 4720
405 4933
406 130
406 3465
406 3507
406 3813
407 1
409 19
409 555
409 588
409 932
409 1697
409 2457
409 2868
409 3649
409 4228
410 5
410 660
410 4094
411 335
411 940
411 3623
411 4583
412 2
412 9
412 572
412 1034
412 1977
412 2014
412 2028
412 2296
412 2980
412 4341
412 4558
412 4591
413 287
413 2721
414 2
414 571
416 29
416 1051
416 1123
416 2908
417 110
417 964
417 1073
417 2135
417 3351
418 268
419 112
419 555
419 1365
419 2960
419 4694
421 2
421 675
421 2445
421 4426
422 201
424 1
424 906
424 3755
425 1
425 2243
425 2561
426 2
426 858
426 2322
426 2588
426 2859
426 3229
426 3419
426 3453
426 3831
430 364
430 649
430 1018
430 4064
432 4
432 2385
434 272
434 1268
434 1632
434 3910
436 5
436 4065
438 294
438 849
438 1760
439 50
439 302
439 3331
439 3864
439 4360
440 0
440 263
440 1568
440 2585
440 3193
441 10
441 110
441 4647
444 5
444 359
444 1582
444 2242
444 4244
444 4741
445 142
445 1965
446 0
446 268
447 381
447 1541
447 2139
447 2175
451 47
451 804
451 1271
451 1335
451 2341
451 2986
451 4024
451 4575
453 4
453 81
456 73
456 1114
457 380
458 9
458 238
458 2653
459 4
459 953
459 1785
459 2537
459 3199
461 130
461 1477
462 137
462 804
462 3596
463 81
463 2874
464 14
464 1341
464 1608
464 1799
464 3756
465 131
465 1873
466 5
466 572
466 3241
468 25
468 112
468 2307
468 4087
472 137
472 2871
472 4004
473 394
473 2244
473 3553
473 4970
475 14
475 1064
475 1207
475 1402
475 1966
475 2064
475 2420
475 2523
475 2701
475 3359
475 4138
476 119
476 638
476 882
476 1239
476 1453
476 2836
477 111
477 1037
477 2702
477 3625
478 4
478 1115
479 203
479 4005
480 360
480 3161
480 3385
482 67
483 5
483 163
483 556
483 755
483 1068
483 2266
483 3156
485 74
485 394
485 2439
485 4928
486 88
486 1689
486 2044
486 2424
486 2446
486 2962
488 2
488 142
491 5
491 4124
493 122
493 581
493 1102
493 1951
493 4319
494 192
494 1985
495 160
497 2
497 5
497 6
497 1835
498 50
499 127
499 1770
500 4
500 1755
500 2373
501 162
502 5
502 1415
503 2
504 4
504 364
504 1942
504 4738
505 315
507 275
507 1308
508 161
508 291
508 791
508 861
508 1468
508 2116
509 371
510 3
510 576
510 941
510 1682
510 1997
510 2047
510 2432
512 302
512 359
512 549
512 1451
512 1754
512 1916
512 3211
517 78
518 14
519 25
519 651
519 1047
519 3195
521 5
521 371
521 813
521 886
521 2086
521 4380
524 5
528 5
529 165
529 4933
530 0
530 297
530 976
530 1421
530 2239
530 3691
530 4172
530 4493
533 9
533 124
533 1125
533 1351
533 4092
533 4353
533 4364
534 1
535 193
535 920
536 25
536 59
536 782
536 1668
536 2394
536 2831
536 3105
536 3843
539 4
539 4201
540 5
540 1074
540 4107
540 4581
541 0
541 2789
542 0
542 939
542 2212
542 2268
543 1
543 1633
543 1887
543 4947
544 1
544 574
544 849
544 2211
544 2658
544 3958
544 4120
544 4588
544 4878
545 4
546 201
546 263
546 3165
546 4778
549 51
549 512
549 631
549 1427
549 1447
549 1964
549 4551
551 2
551 823
551 903
551 1014
551 2129
551 4646
551 4882
553 0
553 4813
554 1
554 111
554 610
554 863
554 937
554 999
554 1047
554 1419
554 1424
554 1451
554 2229
554 2280
554 3644
554 4292
554 4319
555 409
555 419
555 727
555 832
555 2297
555 2975
555 3022
555 4263
556 483
557 192
557 310
557 828
559 196
559 340
559 566
559 568
559 1008
559 1375
559 3503
559 4394
560 27
560 127
560 1471
560 4756
562 27
562 61
562 3158
562 4481
562 4731
562 4768
562 4958
563 1
563 331
563 697
563 2399
564 359
565 142
565 2593
566 16
566 559
566 3031
568 559
569 53
570 251
570 1107
570 4729
571 243
571 414
572 29
572 412
572 466
572 694
572 1267
572 2228
572 2290
572 3281
572 3387
572 3445
573 0
573 249
573 728
573 1025
573 1501
573 1747
573 1941
573 2286
573 2295
573 2793
573 2830
573 2860
573 3320
573 3879
573 4414
573 4821
574 544
574 796
574 940
574 988
574 1998
574 2109
574 3103
574 3443
575 1
576 510
579 251
579 1188
579 1519
579 3779
580 59
580 4742
581 128
581 493
581 742
581 1023
581 1919
581 3561
581 3596
581 4082
583 334
583 639
583 3590
583 4234
586 59
586 1202
587 117
587 161
587 975
587 1432
587 2971
588 409
590 78
590 1087
591 0
591 335
591 1133
591 1203
591 1301
591 3081
591 4277
591 4916
594 5
595 29
595 128
595 934
598 63
599 51
599 331
599 1025
600 2
600 1125
601 163
601 194
601 608
601 879
601 1026
601 2598
601 2625
601 3765
601 4325
602 54
603 5
603 4750
604 5
606 53
606 238
606 1589
607 112
608 601
609 65
609 141
609 697
609 1284
610 366
610 554
610 1055
610 1616
610 1733
610 2643
610 2945
610 3856
611 78
612 5
612 1146
612 3106
613 248
613 1404
614 59
617 9
617 50
617 251
617 658
617 819
617 1077
617 1513
617 1982
617 2146
617 2415
617 2639
617 2780
617 3817
617 4324
617 4517
618 4
618 1223
618 1427
623 205
625 125
625 1084
625 2401
625 3637
625 3798
625 4022
626 29
626 331
626 2092
626 2825
626 3050
626 4294
631 549
632 53
632 262
632 1408
632 1657
632 2731
632 3931
632 4991
635 1
635 784
635 1019
635 1891
635 1987
635 3221
635 3803
636 5
636 81
637 0
637 4416
638 476
638 723
638 2066
638 4047
639 217
639 583
642 107
642 1487
642 1752
642 1754
642 3101
642 3729
642 4510
642 4561
644 6
644 2098
646 4
646 340
647 213
647 1184
647 3961
648 303
649 430
649 1923
649 2897
649 3832
651 519
652 81
653 196
653 253
653 1111
653 1193
653 1587
654 194
654 257
654 1613
657 1
657 771
657 4522
658 33
658 617
658 1670
658 1973
658 2674
658 2927
658 2929
658 4363
658 4607
658 4722
660 410
661 213
662 393
662 1219
662 4226
663 388
666 45
666 346
666 2309
667 4
667 194
670 10
671 44
673 122
675 53
675 421
675 3010
675 3991
675 4969
677 11
679 135
679 1550
679 4455
680 124
682 9
682 13
682 1190
682 1871
682 2807
683 381
683 764
687 251
691 50
691 1062
691 2082
693 315
693 798
693 989
693 2449
693 2596
694 572
694 1084
697 563
697 609
697 1558
697 2758
697 4296
699 354
699 2667
699 4552
699 4841
700 381
700 701
700 827
700 2662
700 2877
700 4357
701 0
701 81
701 700
701 1578
701 1622
701 1673
701 2304
701 2782
702 0
706 68
706 916
706 1270
706 2770
706 4373
706 4892
706 4903
707 5
709 9
710 0
710 193
710 1776
713 59
713 1405
713 1556
713 2153
713 2583
713 2882
713 3848
717 384
720 4
720 268
720 1321
720 1745
720 4613
721 9
721 1273
721 3594
723 152
723 638
723 1524
723 2587
723 3288
723 3435
723 3631
723 4884
724 4
725 132
727 555
727 1091
728 191
728 573
729 1
729 1715
729 3128
729 3644
730 5
730 53
730 869
730 916
730 1204
731 82
731 1381
733 6
733 33
733 1520
735 6
735 1307
735 2042
735 3041
738 142
738 2957
739 315
740 22
741 44
741 1620
742 191
742 581
743 73
743 4425
744 131
744 2890
748 332
749 263
749 800
752 191
752 872
752 3972
753 4
753 207
753 1033
753 3006
753 3654
753 4144
753 4538
755 150
755 483
755 3259
756 146
756 1127
759 289
759 1282
759 2372
761 4
761 137
761 1418
761 1933
762 4
762 285
762 1562
762 1918
762 2123
762 2411
762 4099
764 11
764 683
764 2298
764 2983
764 3097
766 33
766 2409
766 3232
768 101
768 2397
768 2448
768 2987
768 3000
768 3175
770 1
770 350
770 1563
770 4362
771 657
771 1467
771 1849
771 3984
774 301
776 92
776 177
778 128
778 1688
778 3420
780 248
780 791
780 1108
780 1408
780 1830
781 14
781 65
781 180
781 905
781 1230
781 1252
781 1377
781 2242
781 2383
781 2476
781 2706
781 3317
781 3581
781 4138
782 536
782 1872
783 5
783 1706
783 2100
784 190
784 635
791 508
791 780
791 1708
791 3508
791 4167
791 4547
793 106
795 5
796 574
798 693
798 1095
800 4
800 749
800 959
800 1018
800 1688
800 1820
800 1841
800 1932
800 1949
800 2020
800 2140
800 4062
800 4194
800 4985
801 92
801 4795
802 332
802 3150
802 3339
804 451
804 462
805 5
805 2285
805 3725
807 41
807 3721
808 208
810 16
812 29
812 2127
812 2833
813 9
813 521
813 1187
813 1220
813 1339
813 3930
814 268
814 899
818 397
818 1725
819 617
819 1210
822 9
822 2294
823 3
823 551
823 1412
823 1771
823 2582
823 3233
823 3841
823 4287
824 9
824 105
824 1169
824 1314
824 3396
824 3665
824 3893
824 3896
824 3938
825 160
827 405
827 700
827 4906
828 557
829 291
830 44
831 33
831 3945
832 10
832 555
833 192
834 118
834 1101
834 1426
834 1477
834 1505
834 2411
834 2450
834 3213
834 4762
835 2
836 9
838 117
838 1322
838 4096
838 4539
838 4685
840 207
840 991
843 1
843 59
843 334
843 1099
843 1174
843 2011
843 3133
843 3653
843 4014
844 125
844 2291
844 4447
849 2
849 438
849 544
850 9
850 219
852 137
852 173
855 5
855 3236
858 426
858 1157
858 4890
861 137
861 508
863 554
865 150
865 1186
865 1570
865 4181
865 4196
867 122
867 252
867 1030
867 1695
867 1863
867 3054
867 3860
867 4751
869 730
869 1856
869 2277
870 5
870 207
870 342
870 953
870 1058
870 1217
870 1411
870 2069
870 2246
870 2460
870 3235
870 3343
870 3584
870 3750
870 4442
870 4603
870 4611
871 366
871 3174
872 752
873 331
875 196
876 168
877 0
877 354
879 601
879 1004
879 2682
881 0
881 285
881 2683
882 1
882 476
885 243
885 1472
885 1476
885 2004
885 2073
885 2682
885 3301
885 3363
885 3544
885 4043
886 521
889 219
889 1766
889 2891
889 3387
891 4
891 4952
893 4
893 2373
893 4902
895 4
895 2007
895 3691
897 207
897 1761
899 33
899 814
899 960
899 980
899 1522
899 1604
899 2104
899 2432
899 2901
899 4676
902 16
902 2132
903 551
903 2304
905 781
905 3532
906 424
907 200
907 1702
908 99
911 142
911 962
911 1315
911 1920
912 107
914 1
916 16
916 706
916 730
916 1115
916 1376
916 1462
916 1942
916 2005
916 2092
916 2306
916 2622
916 3158
916 3214
916 3300
916 3881
917 21
917 3380
917 3384
917 4464
920 535
920 4498
922 1
922 191
922 2494
922 3681
922 4031
925 207
926 14
926 194
926 2882
926 3042
927 25
927 252
927 4277
928 5
928 1429
928 2136
928 2393
930 68
930 2956
930 3228
930 4029
930 4858
931 57
931 128
931 1111
931 1164
931 2787
931 3651
932 409
933 291
934 595
934 3726
935 4
936 5
937 554
939 542
940 163
940 411
940 574
940 941
940 1499
940 1895
940 2405
940 3583
941 510
941 940
944 116
944 1826
944 2074
944 2450
944 3821
944 4168
945 1
945 995
945 4159
946 78
948 4
948 253
948 364
948 1102
948 1601
948 1621
948 1912
948 2051
948 2328
948 4219
950 0
950 4920
951 178
951 1876
951 1979
951 2078
951 2751
953 459
953 870
953 1354
953 4300
956 261
956 1275
956 3080
956 4137
956 4993
957 25
957 1276
959 800
960 899
961 5
962 911
964 417
964 3242
964 3958
968 124
968 3368
968 4485
968 4888
969 68
969 1689
969 3067
970 328
970 2049
971 59
972 151
972 294
972 2694
973 4
973 294
973 2677
974 381
975 587
975 1908
976 29
976 530
976 1012
976 3318
976 4387
978 5
978 1883
978 3047
979 22
980 122
980 899
980 4666
980 4703
981 58
982 9
982 33
982 4153
982 4374
983 81
983 4793
987 100
987 3399
988 190
988 574
988 1397
988 3674
988 4524
989 693
989 2025
989 3020
990 65
991 2
991 840
991 3035
993 252
994 238
995 945
996 99
996 2738
996 3349
996 3954
996 4839
997 341
997 1218
997 2805
997 3264
997 3586
999 554
999 1360
999 2764
999 3372
999 3870
1001 366
1001 393
1001 1197
1001 1331
1001 1964
1001 2327
1001 3598
1001 4204
1002 81
1002 3618
1004 879
1007 37
1007 3632
1008 559
1009 2
1009 1586
1011 251
1011 2454
1012 6
1012 976
1012 1039
1012 1494
1012 2117
1012 3523
1012 3735
1012 3830
1012 3843
1012 4728
1013 253
1013 2184
1014 5
1014 335
1014 551
1014 2307
1014 2386
1014 4905
1015 294
1015 2326
1017 26
1017 1704
1018 430
1018 800
1018 2844
1019 0
1019 635
1019 4604
1019 4924
1021 53
1021 3836
1023 581
1023 1520
1024 5
1024 3448
1025 0
1025 573
1025 599
1025 1116
1026 601
1027 94
1027 306
1027 1869
1029 77
1029 2602
1030 867
1030 1156
1030 1741
1033 263
1033 753
1034 412
1034 1368
1034 1703
1034 2377
1034 2679
1036 1
1036 1270
1037 477
1038 151
1038 207
1038 1825
1038 3058
1038 3518
1038 4986
1039 251
1039 1012
1039 1324
1039 4827
1041 32
1041 254
1041 4809
1043 11
1043 1928
1045 155
1045 257
1045 1733
1045 2185
1047 519
1047 554
1047 1615
1047 1838
1047 1937
1047 1984
1047 3205
1051 416
1052 213
1053 113
1053 4928
1054 200
1054 3947
1055 610
1055 1890
1058 870
1059 1
1059 2921
1059 3222
1059 3490
1062 110
1062 168
1062 691
1062 3237
1063 14
1063 1579
1064 475
1067 2
1067 283
1067 2274
1067 4766
1068 100
1068 393
1068 483
1068 1637
1068 2090
1068 2235
1068 2239
1068 2919
1068 4137
1072 81
1073 417
1073 2695
1073 3375
1074 540
1074 3703
1076 306
1077 617
1077 2278
1077 3247
1077 4658
1078 9
1078 1514
1083 59
1083 100
1083 2610
1083 4541
1084 625
1084 694
1084 3071
1086 130
1086 1963
1087 4
1087 590
1087 1142
1087 2715
1087 3196
1091 727
1092 113
1093 0
1093 66
1093 1393
1093 1515
1093 1552
1093 2981
1094 3
1094 1422
1095 161
1095 798
1097 27
1097 3210
1099 843
1101 834
1102 493
1102 948
1102 2861
1103 16
1104 0
1104 1899
1104 3874
1106 163
1107 570
1108 4
1108 381
1108 780
1108 2909
1110 5
1111 653
1111 931
1111 1333
1111 1826
1111 3050
1111 3969
1111 4376
1111 4855
1113 16
1113 128
1113 1201
1113 1376
1113 1437
1113 2491
1113 3827
1114 456
1115 478
1115 916
1115 2713
1115 2736
1116 161
1116 1025
1116 1196
1116 2961
1116 3743
1116 3749
1116 4298
1116 4474
1116 4541
1118 151
1120 368
1120 4881
1121 360
1121 1877
1121 4677
1123 416
1124 3
1124 29
1124 2365
1125 533
1125 600
1125 1741
1125 2301
1125 2357
1125 2471
1125 2804
1125 4317
1127 756
1127 4429
1127 4571
1127 4648
1128 0
1128 16
1128 94
1128 4196
1129 1
1129 81
1129 1576
1129 1837
1129 2525
1132 65
1132 1519
1132 3479
1132 3481
1133 88
1133 155
1133 591
1133 1249
1133 1924
1133 2774
1133 3312
1133 3392
1133 4122
1133 4151
1133 4294
1133 4474
1134 81
1135 0
1137 2
1137 3132
1139 5
1139 4628
1140 6
1140 25
1140 2453
1141 122
1141 1742
1141 1811
1141 2255
1142 1087
1143 291
1143 405
1143 4169
1145 59
1145 2043
1146 612
1150 168
1150 368
1150 2589
1152 81
1153 2
1155 170
1156 1030
1157 858
1157 1716
1157 3207
1158 311
1159 310
1161 173
1163 261
1164 931
1167 22
1167 1897
1167 3445
1169 5
1169 824
1170 0
1170 4249
1170 4468
1171 2
1173 1
1173 4
1173 1290
1173 2807
1173 3612
1174 843
1176 2
1177 6
1177 2036
1178 69
1179 51
1179 117
1179 1188
1179 1324
1179 1499
1179 1539
1179 2109
1179 3620
1184 3
1184 647
1184 1281
1186 865
1186 4780
1187 813
1188 579
1188 1179
1188 1548
1188 2037
1188 3808
1188 4175
1188 4465
1190 682
1191 289
1191 2740
1191 2830
1192 132
1192 2256
1192 2950
1192 3007
1193 143
1193 653
1193 1557
1193 2800
1193 4757
1194 345
1194 2166
1194 4275
1195 345
1196 6
1196 1116
1196 2068
1196 2543
1197 5
1197 1001
1198 2
1198 14
1198 2810
1201 1113
1202 586
1202 1727
1202 2393
1202 4392
1203 78
1203 591
1203 1639
1204 730
1206 143
1206 210
1206 3403
1206 4702
1207 475
1207 4423
1208 9
1208 22
1208 1703
1208 2180
1208 2198
1208 3309
1208 4034
1209 5
1209 2038
1209 4598
1210 819
1211 113
1211 1618
1211 2076
1212 234
1212 3246
1213 51
1214 198
1215 5
1216 78
1217 6
1217 870
1217 3825
1218 997
1218 4136
1219 662
1220 294
1220 813
1223 618
1223 4100
1227 207
1228 90
1230 10
1230 781
1230 1312
1230 3932
1230 4591
1230 4652
1231 161
1231 4308
1231 4422
1231 4704
1231 4997
1234 0
1236 77
1237 146
1239 6
1239 476
1239 1915
1239 2196
1239 2542
1239 2763
1241 9
1241 1847
1242 164
1246 59
1247 330
1249 1133
1250 131
1250 1488
1250 1720
1250 4139
1251 23
1251 94
1251 1669
1251 1691
1251 1743
1251 2261
1251 2600
1252 781
1252 1840
1252 3660
1252 4361
1253 2
1254 78
1254 1591
1255 5
1256 252
1256 1843
1256 3795
1258 0
1259 33
1261 268
1261 2511
1263 65
1263 248
1265 208
1266 33
1266 191
1266 193
1266 1546
1266 1849
1266 1894
1267 572
1267 1969
1268 434
1268 1632
1268 2453
1270 706
1270 1036
1270 2085
1271 451
1273 721
1273 1404
1273 1782
1273 2848
1273 3974
1275 956
1275 1586
1275 1789
1275 1814
1275 1882
1275 2855
1275 2999
1275 4120
1275 4134
1275 4282
1275 4563
1276 1
1276 22
1276 957
1276 1420
1276 2632
1276 3743
1276 4812
1277 2
1277 2718
1277 4046
1278 33
1280 0
1281 1
1281 1184
1281 1796
1282 759
1284 609
1285 65
1286 177
1290 53
1290 1173
1292 1
1293 0
1293 200
1293 1313
1293 1873
1293 3340
1293 3406
1293 3432
1293 4539
1293 4958
1294 165
1294 191
1294 4184
1294 4573
1295 274
1295 342
1298 9
1301 591
1301 2959
1302 1
1304 33
1304 132
1304 4265
1305 0
1305 283
1306 0
1307 735
1307 3799
1308 507
1308 1721
1308 3415
1308 4092
1310 14
1311 9
1312 1230
1313 1293
1313 1540
1313 3036
1314 824
1315 117
1315 911
1315 2224
1315 2667
1315 2916
1315 3007
1315 3064
1315 4406
1315 4605
1319 0
1319 1686
1319 2858
1319 3720
1321 33
1321 720
1321 1781
1321 2263
1321 2655
1322 838
1323 0
1323 2749
1324 1039
1324 1179
1324 1820
1324 1961
1324 2281
1324 3002
1324 3774
1326 29
1327 19
1328 207
1328 4407
1330 14
1330 263
1330 2200
1330 4700
1331 1001
1332 5
1332 1714
1333 164
1333 1111
1333 1415
1333 2898
1333 4435
1335 451
1336 122
1336 205
1336 2293
1338 78
1338 131
1338 3563
1339 294
1339 813
1339 2063
1339 2349
1339 3027
1339 4506
1339 4696
1339 4819
1341 464
1341 2200
1341 3264
1341 4559
1341 4917
1342 5
1342 77
1342 4066
1344 50
1345 1
1345 2511
1345 3016
1345 3170
1349 57
1349 128
1349 1359
1351 359
1351 533
1351 3758
1353 81
1354 953
1357 9
1359 248
1359 1349
1359 1791
1359 1936
1359 2436
1360 999
1360 2311
1364 3
1365 419
1367 1
1368 1034
1368 1666
1368 2635
1369 6
1369 3461
1370 331
1372 6
1374 2
1374 3176
1374 3391
1374 4150
1374 4862
1375 16
1375 118
1375 559
1375 2750
1376 155
1376 916
1376 1113
1376 3245
1377 781
1377 1534
1378 9
1378 3950
1380 58
1380 361
1380 1384
1381 213
1381 731
1381 2642
1381 4218
1382 283
1384 1380
1384 2289
1384 3751
1385 315
1385 1477
1385 1492
1385 1643
1385 2083
1393 1093
1393 1850
1393 2904
1396 1
1396 4024
1397 988
1397 3127
1399 83
1399 1467
1399 3562
1399 4036
1402 475
1402 2223
1404 613
1404 1273
1404 3111
1405 713
1405 1968
1407 132
1408 632
1408 780
1408 2147
1408 4317
1408 4763
1410 6
1410 3346
1411 870
1411 1441
1412 253
1412 823
1412 1706
1412 3356
1415 502
1415 1333
1415 2621
1415 3895
1417 2
1417 1539
1417 1676
1417 2608
1418 761
1419 1
1419 38
1419 554
1419 1676
1419 1885
1419 3207
1419 3617
1419 4090
1419 4833
1420 29
1420 1276
1420 4831
1421 530
1421 2594
1421 3575
1422 1094
1422 2013
1422 3243
1422 4558
1424 4
1424 554
1424 1689
1424 3469
1425 3
1425 1501
1426 268
1426 834
1426 3589
1427 549
1427 618
1427 2069
1427 3160
1427 3730
1429 928
1430 2
1430 1546
1431 5
1432 587
1434 334
1437 4
1437 1113
1438 61
1438 122
1438 2737
1441 1411
1444 25
1444 1707
1444 4961
1447 549
1447 1656
1447 4499
1448 1
1449 59
1451 512
1451 554
1452 168
1452 2077
1452 4340
1452 4702
1453 476
1454 29
1454 3228
1455 146
1455 4013
1456 1
1456 3678
1456 4463
1457 16
1457 4595
1458 218
1458 1792
1460 10
1462 916
1462 2633
1466 350
1467 771
1467 1399
1467 1646
1468 508
1470 275
1470 4440
1471 560
1471 1492
1471 3392
1471 4705
1472 885
1472 4978
1474 5
1474 4617
1476 885
1477 461
1477 834
1477 1385
1477 1560
1479 1
1480 29
1480 4506
1483 1
1483 1705
1483 1967
1483 2546
1483 4463
1485 342
1485 360
1486 146
1487 68
1487 642
1487 2105
1487 3630
1487 3850
1488 1250
1488 1955
1488 2945
1492 225
1492 1385
1492 1471
1492 1632
1492 1789
1492 3444
1494 1012
1494 3490
1495 125
1498 9
1499 940
1499 1179
1499 4416
1500 5
1500 378
1500 3846
1501 573
1501 1425
1501 1615
1501 2548
1501 4559
1502 161
1502 3358
1502 4802
1503 4
1503 6
1503 3001
1503 4699
1504 1
1505 834
1505 2269
1505 2600
1507 9
1509 191
1510 294
1513 617
1514 332
1514 1078
1515 1093
1515 2023
1519 579
1519 1132
1519 2139
1520 733
1520 1023
1521 291
1522 899
1523 117
1523 4627
1524 723
1525 14
1525 1743
1528 294
1528 3478
1529 4
1530 294
1531 381
1531 394
1531 3256
1531 4462
1531 4553
1531 4872
1532 203
1532 254
1533 100
1534 1377
1536 1
1538 3
1538 123
1538 301
1538 4886
1539 1179
1539 1417
1539 3497
1540 1313
1540 3529
1540 3665
1540 3846
1541 200
1541 447
1541 1910
1541 2361
1543 332
1543 2302
1543 4945
1544 2
1546 1266
1546 1430
1548 1188
1549 0
1550 405
1550 679
1551 35
1552 1093
1552 2924
1554 1
1556 713
1556 3106
1557 81
1557 1193
1557 1721
1557 3957
1557 4133
1558 697
1558 1692
1558 2502
1560 1477
1562 762
1563 770
1566 81
1566 2040
1566 4428
1567 117
1567 2835
1568 440
1568 3993
1570 865
1570 1738
1576 1129
1577 334
1578 701
1578 1850
1579 1063
1580 54
1580 1956
1582 14
1582 444
1582 3052
1582 3688
1583 208
1586 1009
1586 1275
1587 653
1589 1
1589 606
1590 5
1590 263
1591 4
1591 1254
1591 1797
1591 3406
1591 3462
1593 4
1593 29
1593 137
1593 1596
1593 3744
1594 335
1594 3064
1596 1593
1596 1970
1596 3848
1598 162
1598 2264
1600 125
1601 302
1601 948
1604 16
1604 899
1604 1875
1605 396
1606 2
1606 26
1606 3435
1608 464
1608 4222
1611 244
1611 4174
1612 25
1613 654
1615 25
1615 1047
1615 1501
1615 1701
1615 1954
1616 610
1617 291
1617 371
1617 2581
1617 3521
1617 3591
1617 4158
1618 1211
1618 4087
1619 251
1620 81
1620 741
1620 4470
1621 948
1621 2111
1621 2567
1621 3782
1621 4381
1622 701
1622 2509
1622 3514
1622 4888
1623 168
1624 124
1624 142
1624 1784
1624 4869
1625 215
1625 2096
1625 3560
1632 434
1632 1268
1632 1492
1632 2145
1632 2782
1633 543
1633 3292
1635 168
1635 3995
1637 1068
1639 1203
1642 16
1642 2978
1643 25
1643 1385
1643 1700
1643 2642
1644 53
1646 1467
1649 4
1649 4366
1651 101
1651 143
1651 2648
1652 108
1653 4
1653 2903
1655 0
1655 4854
1656 1447
1656 2597
1656 4778
1657 53
1657 632
1657 1986
1657 3046
1658 29
1664 90
1664 94
1665 9
1666 1368
1668 536
1669 5
1669 1251
1670 658
1672 4
1673 701
1675 0
1675 25
1675 4435
1676 1417
1676 1419
1680 45
1682 510
1682 3021
1683 25
1686 162
1686 1319
1688 778
1688 800
1688 3008
1688 4723
1689 486
1689 969
1689 1424
1689 2854
1691 81
1691 1251
1692 1558
1693 107
1693 2003
1694 6
1695 867
1696 4
1697 409
1700 122
1700 1643
1700 2159
1701 1615
1701 2654
1702 4
1702 907
1702 4198
1703 1034
1703 1208
1703 1878
1703 3002
1704 1017
1704 4808
1705 4
1705 1483
1705 3126
1706 783
1706 1412
1706 2732
1706 2824
1707 1444
1707 4450
1708 342
1708 791
1710 4
1710 217
1712 1
1712 3295
1712 3387
1713 124
1713 2504
1713 3494
1714 1332
1715 251
1715 729
1715 3632
1716 1157
1717 381
1719 146
1720 1250
1720 4693
1721 1308
1721 1557
1722 78
1725 818
1725 4583
1727 5
1727 1202
1727 3060
1727 3109
1727 3355
1727 3912
1727 4356
1727 4887
1729 33
1729 2610
1729 4465
1729 4540
1730 25
1730 163
1732 4
1732 371
1733 610
1733 1045
1734 1
1734 1993
1734 2630
1736 5
1738 1570
1741 9
1741 1030
1741 1125
1741 4484
1742 1141
1743 1251
1743 1525
1743 1849
1743 2022
1743 3745
1744 331
1745 101
1745 204
1745 720
1745 3644
1746 90
1747 573
1747 1946
1747 3721
1748 74
1748 78
1751 16
1751 342
1752 642
1754 512
1754 642
1755 500
1755 2563
1756 3
1757 239
1760 438
1761 897
1761 4883
1762 359
1764 153
1766 889
1769 162
1770 193
1770 499
1770 2068
1770 4945
1771 823
1772 5
1774 0
1775 65
1775 2210
1775 3933
1776 27
1776 53
1776 710
1777 331
1778 3
1779 369
1781 1321
1782 1273
1783 68
1783 4916
1784 1624
1784 3768
1785 459
1786 239
1788 1
1788 2594
1789 1275
1789 1492
1789 3935
1789 4687
1791 1359
1792 141
1792 1458
1792 2200
1794 342
1795 118
1795 252
1795 4130
1795 4280
1796 1281
1796 3828
1797 1
1797 1591
1799 464
1801 59
1801 263
1801 2680
1801 4285
1802 1
1802 132
1802 2324
1802 3204
1802 4939
1803 161
1804 196
1806 59
1806 3982
1807 4
1808 33
1811 1141
1811 2403
1813 263
1814 379
1814 1275
1814 3910
1816 5
1816 393
1820 800
1820 1324
1820 4495
1823 261
1823 354
1823 360
1823 1866
1823 2712
1823 2809
1825 1038
1826 944
1826 1111
1830 780
1834 2
1835 497
1837 291
1837 1129
1838 1047
1838 3510
1838 3728
1838 4889
1840 340
1840 1252
1840 3177
1840 4140
1841 118
1841 800
1843 1256
1847 1
1847 1241
1848 4
1848 2006
1849 771
1849 1266
1849 1743
1849 2061
1849 4675
1850 1393
1850 1578
1850 2263
1850 2835
1850 2927
1853 268
1854 9
1854 142
1854 2669
1856 869
1856 4382
1858 0
1858 29
1859 268
1860 4
1861 47
1861 213
1861 4556
1862 33
1863 867
1866 2
1866 122
1866 1823
1868 0
1869 1027
1871 101
1871 682
1872 782
1873 465
1873 1293
1875 1604
1876 951
1877 1121
1878 1703
1878 2586
1878 2928
1878 3094
1878 4136
1879 0
1882 1275
1883 978
1884 243
1884 334
1884 2174
1885 157
1885 1419
1887 81
1887 543
1887 2779
1887 2884
1890 1055
1890 2152
1890 3104
1891 635
1894 1266
1895 940
1896 1
1897 1167
1898 2
1899 1104
1901 44
1901 2405
1902 311
1904 81
1908 975
1910 78
1910 150
1910 1541
1910 2317
1910 2953
1912 108
1912 948
1912 4141
1912 4543
1913 342
1914 132
1914 405
1914 3249
1915 288
1915 1239
1915 3123
1915 3169
1916 512
1917 263
1917 1990
1917 2450
1918 762
1919 581
1919 3431
1919 3889
1920 911
1921 68
1923 649
1924 1133
1926 82
1926 1971
1926 4863
1928 1043
1928 3337
1928 4818
1929 38
1929 4482
1931 10
1932 800
1932 3313
1932 3972
1933 761
1934 5
1934 2577
1935 10
1935 2969
1936 1359
1937 1047
1937 3748
1938 135
1940 113
1941 4
1941 573
1941 4808
1942 5
1942 504
1942 916
1943 5
1946 4
1946 1747
1949 50
1949 800
1951 493
1953 68
1954 1615
1955 1488
1956 1580
1956 3094
1959 16
1959 2840
1959 2857
1960 2
1960 3358
1960 4122
1961 1324
1961 2993
1962 370
1963 1086
1964 549
1964 1001
1964 2431
1964 3044
1965 445
1966 475
1967 291
1967 1483
1968 100
1968 1405
1968 1972
1969 262
1969 1267
1969 2333
1970 1596
1971 1926
1972 168
1972 1968
1973 658
1977 412
1978 37
1978 68
1978 4690
1979 44
1979 951
1980 2
1981 33
1982 617
1983 77
1983 3659
1984 5
1984 68
1984 1047
1985 81
1985 494
1986 1657
1987 635
1987 4674
1989 9
1990 1917
1992 39
1992 2067
1993 1734
1996 16
1996 74
1996 2254
1996 2484
1997 510
1997 3670
1998 574
1998 4005
2000 9
2000 63
2003 1693
2004 885
2004 3120
2004 3580
2005 122
2005 916
2006 1
2006 1848
2006 2034
2007 895
2008 14
2009 51
2011 843
2013 1422
2014 412
2016 5
2018 261
2020 0
2020 800
2021 9
2022 1743
2023 1515
2023 2731
2025 45
2025 989
2026 257
2028 412
2028 2149
2029 119
2030 1
2030 3401
2030 4283
2030 4397
2032 27
2034 2006
2036 1177
2036 2871
2037 1
2037 1188
2038 1209
2038 2275
2040 51
2040 1566
2040 2859
2042 735
2043 1145
2044 263
2044 486
2044 4401
2045 0
2046 2
2046 2084
2047 510
2048 253
2049 263
2049 970
2049 2850
2049 3239
2049 3651
2049 4593
2051 0
2051 948
2052 0
2053 366
2053 4412
2054 4
2054 2097
2054 2099
2054 2367
2054 2650
2054 2779
2054 3361
2054 4148
2054 4385
2054 4931
2057 5
2058 100
2059 5
2060 77
2061 1
2061 1849
2063 1339
2063 3348
2064 81
2064 475
2064 2194
2064 3323
2064 3748
2065 5
2065 25
2065 2727
2065 2837
2065 3163
2065 3569
2065 3659
2065 4532
2066 125
2066 638
2067 1992
2067 2916
2068 10
2068 1196
2068 1770
2068 2970
2068 3177
2069 870
2069 1427
2070 9
2071 196
2073 885
2074 9
2074 944
2074 4468
2076 1211
2076 2751
2077 235
2077 1452
2078 291
2078 951
2079 194
2079 2506
2082 132
2082 691
2082 2102
2083 1385
2083 3305
2083 3888
2084 2046
2085 1270
2086 521
2086 2571
2086 4272
2087 101
2087 368
2087 2873
2087 4114
2090 1068
2090 2822
2090 3129
2092 626
2092 916
2092 3315
2092 3335
2093 29
2093 124
2093 2444
2093 3172
2094 341
2095 59
2096 0
2096 1625
2096 2660
2096 2668
2096 3665
2097 4
2097 2054
2097 4830
2098 644
2098 2137
2098 3716
2098 3822
2098 3873
2098 4999
2099 2054
2100 783
2100 4712
2101 9
2102 257
2102 2082
2103 340
2104 899
2105 1487
2106 77
2107 127
2107 3920
2107 4352
2109 574
2109 1179
2111 47
2111 1621
2111 2940
2114 81
2116 227
2116 508
2116 2124
2117 1012
2118 0
2119 332
2123 762
2124 2116
2125 1
2127 812
2128 220
2129 551
2132 125
2132 902
2133 54
2135 51
2135 417
2136 928
2137 0
2137 2098
2137 2176
2137 2676
2137 4020
2139 447
2139 1519
2139 2761
2140 800
2141 6
2141 58
2141 3294
2143 53
2145 161
2145 1632
2145 4252
2146 617
2146 2413
2147 340
2147 1408
2147 2775
2147 3710
2149 5
2149 2028
2149 4279
2150 0
2152 0
2152 1890
2153 713
2155 155
2159 1700
2166 1194
2168 5
2170 117
2170 2769
2170 3253
2174 271
2174 1884
2174 2418
2175 192
2175 447
2176 2137
2177 9
2177 4214
2178 340
2180 1208
2181 10
2184 1013
2184 2325
2184 2496
2184 3727
2184 4027
2185 1045
2186 124
2189 381
2189 2907
2190 57
2194 2064
2194 4365
2195 51
2195 200
2196 294
2196 1239
2196 3607
2198 1208
2199 153
2199 198
2199 4486
2200 1330
2200 1341
2200 1792
2200 3195
2200 3335
2201 101
2201 3185
2201 3672
2201 4117
2201 4821
2206 1
2207 81
2209 132
2210 1775
2211 544
2212 194
2212 542
2213 9
2214 94
2216 394
2218 117
2220 1
2223 141
2223 1402
2223 2482
2223 3124
2223 3294
2223 3560
2223 4682
2223 4744
2224 1315
2224 2923
2228 340
2228 572
2228 3290
2228 4727
2228 4925
2229 554
2235 0
2235 1068
2239 530
2239 1068
2242 444
2242 781
2243 1
2243 425
2244 207
2244 473
2244 2493
2244 3276
2246 5
2246 870
2246 3423
2246 3647
2247 5
2249 1
2249 93
2253 334
2254 1996
2255 1141
2255 2920
2255 4900
2256 1192
2260 310
2261 5
2261 1251
2261 3329
2261 3635
2261 4370
2261 4790
2263 1321
2263 1850
2263 2845
2263 4612
2264 1598
2265 251
2266 2
2266 483
2266 3169
2266 4050
2266 4950
2268 542
2269 1
2269 1505
2269 2709
2269 4264
2272 78
2274 1067
2275 2038
2276 180
2277 869
2278 1077
2280 554
2281 1324
2285 805
2285 4724
2286 573
2287 78
2287 366
2287 2616
2287 3109
2287 3668
2287 4571
2289 1384
2289 2416
2289 2684
2289 2789
2290 572
2291 50
2291 844
2293 1336
2293 4846
2294 822
2295 573
2296 239
2296 412
2297 555
2298 25
2298 764
2298 4738
2299 1
2299 3878
2299 4833
2301 1125
2302 1543
2304 701
2304 903
2304 4671
2306 916
2307 468
2307 1014
2307 2358
2309 666
2310 25
2311 381
2311 1360
2311 3303
2317 1910
2317 3308
2320 113
2322 289
2322 426
2322 3518
2324 1802
2325 14
2325 2184
2325 3170
2326 1015
2327 1001
2328 948
2328 2951
2331 25
2332 268
2332 4149
2333 1969
2334 0
2334 3062
2335 163
2336 359
2341 451
2344 1
2346 346
2346 4076
2347 0
2347 3645
2348 268
2349 1339
2354 53
2355 67
2355 364
2357 1125
2357 2604
2358 2307
2361 243
2361 1541
2362 4
2365 2
2365 1124
2365 3433
2365 3537
2367 51
2367 2054
2367 3638
2368 0
2368 105
2368 2752
2368 2809
2369 157
2372 759
2372 3352
2372 3695
2373 500
2373 893
2373 3072
2373 3439
2374 394
2374 4666
2376 6
2376 2491
2376 4499
2377 1034
2383 781
2385 432
2386 1014
2386 3030
2389 51
2389 107
2391 63
2393 928
2393 1202
2394 536
2394 2852
2397 768
2397 4192
2399 563
2400 0
2400 3378
2401 1
2401 625
2402 5
2403 17
2403 1811
2405 165
2405 940
2405 1901
2405 2746
2407 272
2408 125
2408 4110
2408 4165
2409 766
2410 220
2411 44
2411 762
2411 834
2411 2962
2413 2146
2413 3646
2414 301
2414 3493
2415 617
2416 2289
2418 2174
2420 9
2420 475
2422 4
2424 486
2425 59
2425 143
2428 44
2428 4715
2429 302
2430 1
2431 1964
2431 2489
2432 345
2432 510
2432 899
2436 1359
2439 485
2441 37
2442 207
2444 117
2444 2093
2444 2647
2445 421
2446 5
2446 486
2447 0
2448 768
2449 81
2449 693
2449 4985
2450 834
2450 944
2450 1917
2450 4269
2451 53
2451 200
2451 4417
2453 160
2453 1140
2453 1268
2453 3279
2454 5
2454 1011
2454 2544
2456 33
2456 3048
2456 3393
2457 409
2458 0
2458 3119
2460 870
2462 191
2464 165
2465 263
2466 5
2469 131
2469 178
2469 4708
2470 5
2471 1125
2471 2644
2473 50
2476 781
2477 33
2479 61
2480 204
2482 163
2482 2223
2484 1996
2485 5
2486 9
2489 2431
2489 3898
2490 5
2490 238
2490 343
2491 1113
2491 2376
2493 359
2493 2244
2493 3789
2493 4194
2494 922
2495 257
2496 1
2496 143
2496 2184
2496 2578
2496 3061
2496 4440
2499 173
2500 25
2502 1558
2503 81
2504 238
2504 1713
2506 2
2506 25
2506 2079
2507 50
2509 1622
2511 1261
2511 1345
2512 205
2514 117
2515 272
2515 3098
2515 3106
2516 135
2517 268
2517 4380
2518 14
2518 83
2518 4316
2523 475
2523 3078
2523 3444
2525 88
2525 1129
2527 25
2527 3553
2529 14
2535 16
2535 3973
2536 4
2536 2653
2536 3148
2536 4143
2537 128
2537 459
2542 141
2542 1239
2542 2816
2543 1196
2544 2454
2546 1483
2548 239
2548 1501
2548 3558
2548 3612
2550 1
2551 3
2554 66
2555 213
2560 219
2561 425
2563 1755
2565 135
2566 25
2566 191
2567 1621
2571 2086
2572 0
2572 32
2577 16
2577 1934
2578 0
2578 2496
2579 0
2581 1617
2581 4018
2582 823
2583 713
2584 2
2584 196
2585 440
2585 4665
2586 1878
2587 723
2588 426
2589 53
2589 1150
2590 200
2592 341
2593 565
2594 1421
2594 1788
2594 3897
2594 4782
2596 268
2596 693
2596 3934
2596 4199
2597 1656
2598 601
2599 341
2599 3291
2600 1251
2600 1505
2600 3923
2600 4267
2602 1029
2603 0
2604 2357
2607 263
2608 1417
2608 3883
2608 4540
2610 1083
2610 1729
2610 2859
2611 117
2611 361
2616 80
2616 2287
2616 4865
2621 1415
2622 916
2623 9
2623 3980
2623 4421
2625 601
2626 178
2627 291
2627 2707
2628 65
2628 4582
2630 1734
2632 1276
2633 1462
2634 196
2634 205
2635 334
2635 1368
2636 137
2637 14
2637 2665
2638 132
2638 272
2639 617
2642 1381
2642 1643
2642 4266
2643 610
2644 2471
2647 2444
2648 1651
2650 2054
2650 4897
2651 117
2651 3367
2651 3922
2652 334
2653 458
2653 2536
2654 1701
2654 4251
2655 1321
2655 4531
2655 4838
2657 83
2657 2841
2657 3202
2658 544
2658 3205
2658 4807
2660 2096
2661 112
2661 132
2661 3256
2662 700
2665 2637
2666 4
2667 699
2667 1315
2667 3095
2667 3159
2667 4458
2668 2096
2669 1854
2670 0
2671 301
2673 9
2674 658
2676 2137
2677 973
2677 4024
2678 6
2679 1034
2680 1801
2682 879
2682 885
2682 3244
2682 4398
2683 881
2684 2289
2684 2741
2685 348
2686 0
2690 268
2694 312
2694 972
2695 1073
2696 25
2697 14
2700 257
2700 3360
2701 475
2702 477
2706 781
2706 2914
2707 2627
2709 2269
2710 182
2710 4822
2711 68
2711 3028
2712 27
2712 1823
2713 5
2713 1115
2713 2794
2713 3725
2713 4568
2715 68
2715 1087
2716 334
2716 2759
2716 3615
2717 359
2718 1277
2720 110
2721 68
2721 413
2721 3286
2721 3726
2723 6
2727 2065
2730 342
2731 632
2731 2023
2731 3286
2732 127
2732 1706
2734 359
2736 9
2736 1115
2737 1438
2738 360
2738 996
2738 3713
2739 33
2740 1191
2741 2684
2742 347
2745 0
2745 83
2745 341
2746 405
2746 2405
2747 11
2749 1323
2749 3373
2749 3649
2750 10
2750 1375
2750 3496
2750 4797
2751 951
2751 2076
2751 3127
2752 302
2752 2368
2755 122
2755 261
2755 3479
2757 263
2757 310
2758 697
2758 4388
2759 5
2759 2716
2760 51
2761 2139
2763 1239
2763 3103
2764 999
2764 2957
2764 3703
2765 11
2766 155
2766 3450
2767 291
2769 262
2769 2170
2770 2
2770 706
2774 1133
2775 2147
2776 0
2776 295
2776 2973
2777 207
2778 132
2779 1887
2779 2054
2779 4186
2780 617
2781 368
2782 701
2782 1632
2782 4309
2786 4
2787 931
2789 541
2789 2289
2790 263
2791 238
2791 3866
2792 4
2792 2926
2792 4111
2793 405
2793 573
2794 2713
2795 306
2797 1
2797 116
2797 4046
2797 4283
2797 4649
2799 74
2799 3556
2800 5
2800 1193
2800 3403
2801 342
2801 2977
2804 1125
2805 997
2806 142
2807 682
2807 1173
2807 3510
2809 1823
2809 2368
2810 268
2810 1198
2811 345
2812 4
2812 3247
2815 4
2816 2542
2817 9
2817 125
2817 4909
2818 29
2821 5
2822 381
2822 2090
2822 3864
2822 4321
2824 1706
2825 33
2825 626
2829 25
2829 116
2829 3663
2829 4236
2830 25
2830 573
2830 1191
2831 536
2833 812
2835 1567
2835 1850
2835 4029
2836 261
2836 476
2837 116
2837 2065
2837 3280
2837 4479
2840 1959
2841 2657
2844 65
2844 1018
2845 200
2845 2263
2845 4734
2846 248
2847 101
2848 1273
2848 4746
2850 25
2850 2049
2850 3459
2850 3734
2851 2
2851 4
2852 2394
2854 1689
2855 27
2855 1275
2856 354
2857 1959
2858 1319
2859 426
2859 2040
2859 2610
2860 4
2860 573
2860 3380
2861 50
2861 1102
2862 393
2862 2864
2863 2
2863 243
2863 4005
2864 2862
2867 4
2867 381
2868 409
2868 4950
2869 167
2869 3197
2869 4467
2871 472
2871 2036
2872 25
2873 2087
2874 463
2877 700
2878 9
2879 5
2881 0
2881 3180
2882 713
2882 926
2883 5
2883 359
2884 1887
2885 0
2885 3308
2890 744
2891 3
2891 889
2897 649
2898 5
2898 1333
2898 3428
2900 29
2900 3953
2901 899
2902 33
2903 1653
2904 1393
2904 4143
2905 200
2907 0
2907 2189
2907 3470
2908 416
2909 1108
2911 1
2912 253
2914 191
2914 2706
2916 1315
2916 2067
2916 3386
2917 3
2917 50
2919 1068
2920 2255
2921 1059
2923 3
2923 2224
2924 1552
2926 2792
2927 658
2927 1850
2928 53
2928 1878
2929 658
2931 105
2931 124
2931 3511
2933 5
2933 162
2936 69
2936 3626
2937 0
2937 3753
2939 205
2940 2111
2944 4
2945 68
2945 610
2945 1488
2946 160
2950 1192
2951 2
2951 2328
2953 1910
2954 81
2954 253
2956 930
2957 738
2957 2764
2958 13
2958 68
2958 3110
2959 1301
2960 419
2961 2
2961 1116
2961 4191
2962 486
2962 2411
2962 4080
2963 25
2969 1935
2970 2068
2971 587
2972 77
2973 0
2973 37
2973 2776
2973 4693
2975 555
2975 2990
2975 3933
2976 200
2976 394
2976 4911
2977 2801
2978 244
2978 1642
2978 2981
2980 65
2980 412
2981 57
2981 1093
2981 2978
2981 3402
2982 53
2983 275
2983 764
2986 451
2987 768
2989 0
2989 361
2990 2975
2990 4308
2993 1961
2996 124
2996 3364
2999 1275
2999 4193
3000 768
3001 1503
3002 1324
3002 1703
3002 3819
3004 234
3006 753
3007 1192
3007 1315
3008 1688
3010 675
3010 4776
3011 59
3016 1345
3017 137
3020 127
3020 989
3020 3305
3021 10
3021 1682
3021 4107
3022 14
3022 555
3023 285
3024 1
3024 4842
3024 4861
3026 359
3027 1339
3028 6
3028 2711
3028 4342
3029 196
3030 2386
3031 566
3032 81
3034 5
3035 991
3036 1313
3037 102
3038 25
3038 4425
3040 0
3040 3546
3040 3551
3041 735
3042 0
3042 926
3043 2
3043 3806
3043 4782
3044 1964
3045 272
3046 1657
3047 978
3048 2456
3049 0
3049 3780
3050 626
3050 1111
3050 3407
3051 200
3052 1582
3053 0
3054 867
3055 141
3056 301
3057 81
3057 334
3058 1038
3059 0
3060 271
3060 1727
3061 2496
3062 2334
3064 1315
3064 1594
3064 3344
3064 3997
3065 33
3067 6
3067 969
3069 4
3070 73
3071 1084
3071 4968
3072 2373
3075 150
3075 3233
3076 33
3077 57
3077 272
3078 2523
3079 0
3080 162
3080 956
3081 591
3085 4
3087 3
3088 345
3088 3818
3088 3878
3088 4694
3089 5
3093 191
3094 1878
3094 1956
3094 3409
3094 4239
3095 2667
3097 764
3098 0
3098 2515
3100 6
3101 334
3101 642
3103 574
3103 2763
3104 1890
3105 536
3106 612
3106 1556
3106 2515
3107 338
3108 5
3109 1727
3109 2287
3110 2958
3110 3909
3111 1404
3114 78
3117 210
3117 4606
3118 81
3118 3463
3118 4221
3119 25
3119 2458
3120 350
3120 2004
3123 1915
3124 2223
3125 5
3126 1705
3127 1397
3127 2751
3128 729
3129 2090
3131 268
3132 4
3132 1137
3132 3965
3133 843
3133 4489
3136 33
3136 331
3137 4
3138 9
3139 359
3146 350
3146 4664
3148 163
3148 2536
3149 191
3150 69
3150 802
3150 4629
3153 25
3156 340
3156 483
3157 1
3158 562
3158 916
3159 2667
3160 1
3160 1427
3160 4817
3161 480
3163 2065
3165 16
3165 546
3165 3338
3169 1915
3169 2266
3170 1345
3170 2325
3170 3855
3171 213
3171 396
3171 4420
3172 2093
3174 871
3175 768
3176 1374
3177 1840
3177 2068
3178 1
3178 334
3180 2881
3185 2201
3189 4
3193 194
3193 440
3193 3570
3195 519
3195 2200
3196 78
3196 1087
3197 4
3197 2869
3199 459
3202 2657
3203 78
3204 1802
3205 68
3205 1047
3205 2658
3206 81
3206 4162
3207 1157
3207 1419
3207 4471
3210 0
3210 76
3210 1097
3211 5
3211 512
3212 162
3212 4112
3212 4839
3213 68
3213 834
3214 916
3215 4
3215 94
3215 4843
3216 29
3216 4888
3217 0
3219 124
3221 635
3222 1059
3228 930
3228 1454
3228 3916
3229 426
3231 5
3232 766
3233 823
3233 3075
3235 5
3235 870
3236 855
3237 1062
3237 3492
3237 4669
3239 2049
3239 4369
3241 466
3242 122
3242 964
3243 5
3243 1422
3243 3483
3243 3804
3244 2682
3244 4017
3244 4118
3244 4528
3245 1376
3246 1212
3247 2
3247 1077
3247 2812
3248 122
3248 4178
3249 1914
3249 3583
3249 4673
3253 2170
3256 1531
3256 2661
3256 4777
3259 755
3262 168
3264 997
3264 1341
3264 4631
3267 0
3270 1
3270 14
3273 1
3273 364
3273 3417
3274 142
3276 2244
3276 4389
3277 82
3279 113
3279 219
3279 2453
3280 2837
3281 572
3283 262
3285 25
3286 2721
3286 2731
3288 2
3288 723
3290 2228
3291 2599
3292 301
3292 1633
3292 3435
3293 92
3293 220
3294 2141
3294 2223
3295 77
3295 94
3295 1712
3295 4334
3296 10
3297 68
3297 3409
3300 200
3300 916
3301 243
3301 885
3303 33
3303 2311
3304 10
3305 2083
3305 3020
3308 2317
3308 2885
3309 53
3309 1208
3309 3316
3310 137
3310 178
3312 272
3312 1133
3313 2
3313 1932
3315 2092
3316 3309
3316 4955
3317 781
3318 976
3318 4833
3319 47
3319 4327
3320 2
3320 573
3321 3
3321 342
3322 239
3323 271
3323 2064
3327 16
3327 4000
3329 2261
3330 4
3331 439
3333 5
3335 2092
3335 2200
3337 1928
3337 3643
3338 3165
3339 802
3340 1293
3341 35
3341 3656
3343 870
3344 3064
3345 206
3345 3677
3346 16
3346 1410
3348 2063
3348 4609
3349 996
3349 4235
3351 417
3352 2372
3353 9
3354 0
3355 1727
3356 1412
3358 9
3358 1502
3358 1960
3359 475
3360 2700
3361 2054
3363 334
3363 885
3363 4176
3364 2996
3367 2651
3368 294
3368 968
3371 50
3372 999
3373 2749
3374 11
3374 4172
3374 4301
3375 1073
3376 132
3376 142
3376 3599
3378 2400
3379 1
3379 225
3380 917
3380 2860
3381 1
3384 917
3385 1
3385 9
3385 480
3385 3842
3385 3884
3385 4687
3386 2916
3386 3784
3386 4726
3387 572
3387 889
3387 1712
3388 263
3391 1374
3392 1133
3392 1471
3393 2456
3394 5
3396 1
3396 824
3399 987
3400 122
3401 2030
3402 2981
3402 4461
3403 1206
3403 2800
3405 0
3406 1293
3406 1591
3407 3050
3409 3094
3409 3297
3415 2
3415 19
3415 1308
3417 3273
3419 426
3419 4241
3419 4647
3420 137
3420 778
3420 3463
3420 3552
3423 2246
3425 14
3425 3440
3426 10
3428 2898
3431 1919
3432 1293
3433 2365
3433 4080
3434 14
3434 4790
3435 723
3435 1606
3435 3292
3435 4859
3436 4
3439 2373
3440 3425
3440 3618
3442 161
3443 574
3443 4980
3444 1492
3444 2523
3444 4007
3445 572
3445 1167
3448 1024
3449 9
3450 2766
3452 29
3453 426
3457 220
3457 3573
3457 3979
3457 4546
3459 2850
3461 1369
3462 1591
3463 3118
3463 3420
3463 3831
3465 406
3469 1424
3470 2907
3472 108
3472 342
3473 334
3474 300
3478 1528
3479 1132
3479 2755
3480 368
3480 4003
3481 171
3481 1132
3483 3243
3485 117
3490 1059
3490 1494
3490 4978
3492 3237
3493 2414
3494 1713
3494 4725
3496 2750
3497 1539
3497 4598
3499 131
3499 4943
3503 559
3507 406
3508 192
3508 791
3509 68
3510 1838
3510 2807
3510 4028
3510 4535
3511 2931
3514 1622
3515 5
3515 192
3518 1038
3518 2322
3519 1
3519 3928
3519 4433
3521 1617
3522 0
3522 50
3522 125
3522 3691
3522 4424
3523 1012
3525 29
3525 59
3526 151
3527 263
3529 122
3529 1540
3529 4120
3531 288
3531 4203
3532 905
3533 151
3533 4645
3535 342
3537 2365
3539 50
3539 4479
3544 885
3545 1
3545 122
3546 81
3546 3040
3551 3040
3552 3420
3553 473
3553 2527
3553 4930
3555 0
3555 4683
3556 2799
3558 2548
3560 1625
3560 2223
3561 581
3562 105
3562 1399
3563 35
3563 1338
3564 16
3565 393
3569 2065
3570 101
3570 3193
3573 3457
3574 16
3575 1421
3576 193
3580 2004
3581 2
3581 781
3582 50
3582 127
3583 29
3583 940
3583 3249
3584 870
3584 4362
3586 997
3588 253
3589 1426
3590 583
3591 350
3591 1617
3591 4052
3593 4
3593 3713
3593 4091
3594 721
3595 1
3596 462
3596 581
3598 1001
3599 3376
3601 253
3605 25
3607 2196
3608 16
3608 207
3608 3895
3610 289
3612 1173
3612 2548
3614 196
3615 2716
3617 81
3617 1419
3617 3725
3618 1002
3618 3440
3618 4976
3620 1179
3620 3752
3623 411
3625 477
3626 0
3626 2936
3629 16
3630 1487
3631 146
3631 723
3632 1007
3632 1715
3635 2261
3636 17
3637 625
3638 2367
3639 4
3639 4271
3640 32
3643 334
3643 3337
3644 554
3644 729
3644 1745
3645 2347
3646 0
3646 2413
3647 2246
3649 409
3649 2749
3649 4178
3650 54
3651 931
3651 2049
3653 843
3654 753
3656 3341
3659 1983
3659 2065
3659 3760
3660 1252
3660 4417
3662 90
3663 2829
3664 59
3664 3667
3665 824
3665 1540
3665 2096
3667 150
3667 3664
3668 2287
3670 1997
3671 335
3672 2201
3674 988
3677 3345
3678 1456
3679 164
3681 6
3681 922
3683 29
3686 210
3687 1
3688 1582
3691 530
3691 895
3691 3522
3692 254
3692 393
3693 162
3695 2372
3695 3839
3695 4142
3702 5
3702 263
3703 1074
3703 2764
3704 0
3706 312
3708 192
3709 146
3710 2147
3711 238
3711 4124
3713 2738
3713 3593
3715 9
3715 131
3715 4548
3716 342
3716 2098
3717 41
3717 218
3720 1319
3721 807
3721 1747
3723 5
3725 805
3725 2713
3725 3617
3725 3939
3726 934
3726 2721
3727 2184
3728 1838
3728 3992
3729 642
3729 3791
3730 251
3730 1427
3731 302
3733 9
3734 2850
3735 1012
3742 254
3743 1116
3743 1276
3744 1593
3745 1743
3748 1937
3748 2064
3749 1116
3750 870
3751 1
3751 5
3751 1384
3752 3620
3752 3838
3753 2937
3754 381
3755 424
3756 464
3758 1351
3759 1
3759 4594
3760 16
3760 3659
3764 110
3765 601
3766 5
3766 4270
3768 1784
3768 4905
3771 205
3774 1324
3775 66
3777 0
3779 105
3779 579
3780 3049
3782 0
3782 1621
3784 3386
3788 78
3789 2493
3791 3729
3795 210
3795 1256
3795 4009
3796 5
3798 334
3798 625
3799 1307
3799 4886
3801 4
3803 342
3803 635
3803 4736
3804 3243
3806 3043
3807 218
3808 1188
3813 406
3813 4347
3815 10
3817 617
3818 3088
3819 77
3819 3002
3821 299
3821 944
3822 2098
3824 200
3825 1217
3827 1113
3827 4085
3828 1796
3829 131
3830 1012
3831 426
3831 3463
3831 4105
3832 649
3834 81
3835 4
3835 81
3836 1
3836 268
3836 1021
3837 394
3838 3752
3839 3695
3840 69
3841 823
3842 3385
3843 536
3843 1012
3843 4043
3846 1500
3846 1540
3848 713
3848 1596
3848 4139
3850 1487
3852 180
3854 2
3854 294
3855 3170
3856 0
3856 610
3858 274
3859 4
3860 867
3863 83
3864 439
3864 2822
3865 29
3866 239
3866 2791
3868 341
3869 117
3870 999
3870 4197
3871 10
3872 45
3873 2098
3874 1104
3875 100
3875 3969
3877 63
3877 78
3878 2299
3878 3088
3879 573
3881 916
3882 61
3883 2608
3884 10
3884 3385
3885 142
3888 196
3888 2083
3889 1919
3892 16
3892 263
3892 4019
3893 824
3894 47
3895 1415
3895 3608
3895 4103
3896 824
3897 124
3897 2594
3898 2489
3900 366
3901 0
3901 171
3902 141
3904 291
3905 0
3909 3110
3910 434
3910 1814
3912 1727
3915 4
3916 3228
3920 2107
3922 164
3922 2651
3923 4
3923 2600
3925 5
3927 4
3928 3519
3930 25
3930 813
3931 632
3932 1
3932 1230
3932 4465
3933 1775
3933 2975
3934 153
3934 2596
3935 1789
3935 4518
3938 824
3939 2
3939 3725
3940 125
3945 68
3945 831
3947 1054
3948 5
3948 135
3948 3951
3949 5
3949 207
3950 1378
3951 3948
3953 2900
3954 996
3957 1557
3958 544
3958 964
3961 647
3963 207
3965 33
3965 50
3965 3132
3965 4877
3967 81
3969 1111
3969 3875
3972 752
3972 1932
3973 302
3973 2535
3974 213
3974 1273
3979 3457
3980 2623
3982 1806
3984 771
3986 9
3988 2
3990 74
3990 4810
3991 675
3992 5
3992 3728
3992 4081
3993 1568
3995 1635
3995 4029
3997 10
3997 3064
3999 2
4000 4
4000 3327
4003 3480
4004 472
4005 479
4005 1998
4005 2863
4007 3444
4008 262
4009 4
4009 3795
4010 263
4013 4
4013 1455
4014 843
4015 4
4015 14
4017 3244
4017 4196
4018 334
4018 2581
4019 3892
4020 2137
4020 4304
4021 334
4022 625
4024 451
4024 1396
4024 2677
4027 2184
4028 238
4028 3510
4029 930
4029 2835
4029 3995
4031 922
4034 1208
4036 1399
4036 4701
4038 1
4042 291
4043 885
4043 3843
4045 100
4046 227
4046 1277
4046 2797
4047 638
4048 142
4049 47
4050 2266
4052 3591
4055 5
4057 5
4062 800
4064 430
4065 436
4066 1342
4068 0
4069 3
4070 220
4071 5
4072 0
4073 146
4076 2346
4077 5
4078 5
4080 2962
4080 3433
4081 3992
4082 581
4082 4382
4085 3827
4087 468
4087 1618
4089 4
4089 78
4090 10
4090 1419
4091 3593
4092 533
4092 1308
4093 135
4094 410
4096 838
4097 220
4099 762
4100 1223
4101 192
4102 143
4103 3895
4105 3831
4107 540
4107 3021
4107 4977
4110 2408
4110 4879
4111 0
4111 2792
4111 4347
4112 3212
4114 2087
4117 182
4117 2201
4117 4748
4118 3244
4119 360
4120 544
4120 1275
4120 3529
4122 1133
4122 1960
4124 491
4124 3711
4125 244
4127 105
4130 248
4130 1795
4133 1557
4134 1275
4134 4300
4136 1218
4136 1878
4137 78
4137 956
4137 1068
4138 475
4138 781
4139 1250
4139 3848
4140 1840
4141 0
4141 1912
4141 4583
4142 3695
4143 2536
4143 2904
4144 753
4144 4452
4148 2054
4149 341
4149 2332
4150 1374
4151 1133
4152 53
4153 21
4153 982
4156 65
4158 1617
4159 945
4160 117
4161 244
4162 3206
4165 2408
4165 4322
4167 791
4168 944
4169 1143
4170 4
4172 530
4172 3374
4173 50
4174 4
4174 1611
4175 1188
4176 3363
4178 3248
4178 3649
4178 4301
4181 865
4183 152
4184 1294
4186 2779
4191 2961
4191 4326
4191 4438
4192 2397
4192 4432
4193 2999
4194 800
4194 2493
4195 0
4196 865
4196 1128
4196 4017
4197 3870
4198 1702
4199 393
4199 2596
4200 65
4200 161
4201 539
4202 47
4202 164
4203 3531
4204 1001
4209 151
4213 65
4214 2177
4215 0
4218 1381
4219 948
4220 283
4221 3118
4222 357
4222 1608
4225 78
4226 662
4228 409
4234 583
4235 207
4235 3349
4236 2829
4237 2
4237 33
4239 3094
4241 4
4241 3419
4244 444
4246 0
4249 248
4249 1170
4251 2654
4251 4601
4252 2145
4252 4810
4253 77
4254 0
4254 249
4256 0
4256 220
4258 3
4258 25
4260 65
4263 555
4264 2269
4265 81
4265 1304
4266 2642
4267 2600
4268 124
4268 4831
4269 2450
4270 3766
4271 3639
4272 82
4272 2086
4275 1194
4277 591
4277 927
4277 4523
4278 6
4279 2149
4280 263
4280 1795
4281 263
4282 1275
4283 2030
4283 2797
4285 1801
4287 823
4289 144
4292 554
4294 626
4294 1133
4296 697
4298 1116
4299 9
4300 953
4300 4134
4301 3374
4301 4178
4304 4020
4307 137
4308 1231
4308 2990
4309 268
4309 2782
4315 1
4316 2518
4317 1125
4317 1408
4318 371
4319 493
4319 554
4321 2822
4322 4165
4324 617
4325 601
4326 4191
4327 2
4327 3319
4332 155
4332 4394
4334 3295
4336 5
4336 14
4338 25
4340 1452
4341 253
4341 412
4341 4620
4341 4740
4342 5
4342 3028
4347 3813
4347 4111
4352 193
4352 2107
4353 4
4353 533
4355 168
4356 1727
4357 700
4358 9
4360 439
4361 1252
4362 770
4362 3584
4363 658
4364 533
4365 2194
4366 9
4366 1649
4367 393
4367 4902
4368 4
4368 25
4368 65
4369 3239
4370 2261
4373 706
4374 0
4374 982
4375 35
4376 1111
4378 191
4380 521
4380 2517
4381 1621
4382 1856
4382 4082
4383 61
4384 9
4384 274
4385 1
4385 2054
4387 6
4387 976
4388 82
4388 2758
4389 3276
4392 1202
4393 369
4394 559
4394 4332
4396 213
4397 2030
4398 289
4398 2682
4399 5
4401 2044
4404 253
4404 4478
4405 0
4405 73
4406 1315
4407 1328
4409 1
4412 2053
4414 573
4416 637
4416 1499
4417 2451
4417 3660
4420 3171
4421 2623
4422 1231
4423 1207
4424 4
4424 3522
4425 743
4425 3038
4426 421
4427 0
4428 1566
4429 1127
4432 73
4432 4192
4433 3519
4433 4496
4435 1333
4435 1675
4436 117
4436 4843
4437 78
4438 4191
4439 4
4440 68
4440 1470
4440 2496
4442 27
4442 219
4442 870
4443 59
4444 25
4446 272
4447 844
4450 5
4450 194
4450 1707
4451 4
4452 4144
4455 679
4458 2667
4461 3402
4461 4569
4462 1531
4463 1456
4463 1483
4464 9
4464 917
4465 1188
4465 1729
4465 3932
4467 2869
4468 1170
4468 2074
4470 1620
4471 3207
4473 14
4474 1116
4474 1133
4477 251
4478 4404
4479 2837
4479 3539
4479 4779
4481 562
4482 1929
4484 1741
4485 968
4486 2199
4489 3133
4492 10
4492 140
4492 217
4493 530
4494 164
4495 1820
4496 4433
4497 142
4498 198
4498 920
4499 1447
4499 2376
4500 0
4504 235
4506 1339
4506 1480
4508 248
4510 239
4510 396
4510 642
4514 372
4515 1
4515 9
4516 5
4516 4879
4517 38
4517 617
4518 342
4518 3935
4522 657
4523 4277
4524 988
4526 59
4528 312
4528 3244
4528 4670
4529 163
4531 2655
4532 2065
4535 3510
4537 59
4537 193
4538 753
4539 838
4539 1293
4539 4695
4540 10
4540 1729
4540 2608
4541 1083
4541 1116
4541 4837
4542 171
4543 1912
4545 2
4545 366
4546 3457
4547 791
4548 99
4548 3715
4550 288
4551 219
4551 549
4552 699
4553 137
4553 1531
4553 4753
4553 4922
4556 1861
4557 0
4558 412
4558 1422
4559 1341
4559 1501
4561 642
4563 5
4563 16
4563 1275
4565 59
4566 35
4568 2713
4569 4461
4571 1127
4571 2287
4573 1294
4574 128
4575 451
4576 17
4577 25
4578 219
4579 9
4580 10
4581 540
4582 291
4582 2628
4583 411
4583 1725
4583 4141
4586 4
4588 544
4589 0
4591 412
4591 1230
4593 2049
4594 3759
4595 1457
4597 6
4597 251
4598 1209
4598 3497
4599 312
4600 4
4601 4251
4603 151
4603 870
4603 4755
4604 1019
4605 1315
4606 3117
4607 658
4608 105
4609 3348
4610 5
4610 53
4610 4738
4611 870
4612 2263
4613 720
4616 29
4617 1474
4620 4341
4622 2
4622 283
4625 2
4627 1523
4628 1139
4629 3150
4631 3264
4636 117
4638 25
4639 135
4640 141
4640 150
4645 155
4645 3533
4646 551
4647 441
4647 3419
4648 1127
4649 2797
4652 1230
4654 350
4657 205
4658 1077
4659 5
4660 346
4662 394
4664 4
4664 3146
4665 2
4665 4
4665 2585
4666 980
4666 2374
4666 4975
4667 196
4668 81
4669 3237
4670 4528
4671 2304
4672 16
4673 10
4673 3249
4674 131
4674 1987
4675 1849
4676 16
4676 899
4677 1121
4678 124
4679 107
4682 2223
4683 3555
4685 838
4687 1789
4687 3385
4688 25
4690 1978
4693 164
4693 1720
4693 2973
4694 419
4694 3088
4695 4539
4696 25
4696 1339
4696 4830
4696 4932
4699 1503
4700 1330
4701 4036
4702 1206
4702 1452
4703 29
4703 980
4704 1231
4705 1471
4706 4
4706 191
4708 2469
4710 220
4711 263
4712 2100
4715 2428
4720 405
4722 658
4723 1688
4724 2285
4725 3494
4726 3386
4727 2228
4728 6
4728 220
4728 1012
4729 570
4731 562
4732 1
4733 90
4734 2845
4736 3803
4738 504
4738 2298
4738 4610
4740 4341
4741 444
4742 580
4744 2223
4745 325
4746 74
4746 2848
4747 312
4748 315
4748 4117
4750 9
4750 603
4751 867
4752 9
4753 4553
4755 4603
4756 369
4756 560
4757 347
4757 1193
4762 834
4763 1408
4766 1067
4768 562
4774 346
4775 9
4776 3010
4777 3256
4778 546
4778 1656
4779 261
4779 4479
4780 1186
4782 2594
4782 3043
4783 33
4784 235
4787 0
4789 193
4790 2261
4790 3434
4791 1
4793 983
4794 1
4795 801
4797 113
4797 2750
4798 287
4800 2
4800 335
4801 5
4802 1502
4805 14
4807 2658
4808 1704
4808 1941
4809 1041
4809 4906
4810 3990
4810 4252
4810 4933
4812 5
4812 1276
4813 553
4816 207
4817 243
4817 3160
4818 1928
4819 1339
4821 573
4821 2201
4822 2710
4823 0
4824 301
4827 124
4827 1039
4829 6
4829 161
4830 2097
4830 4696
4831 1420
4831 4268
4832 192
4832 347
4833 1419
4833 2299
4833 3318
4834 4
4835 334
4836 208
4837 4541
4838 2655
4839 996
4839 3212
4841 5
4841 699
4842 3024
4843 3215
4843 4436
4846 2293
4852 153
4853 2
4854 1655
4855 1111
4856 122
4858 930
4859 3435
4861 3024
4862 1374
4863 1926
4864 0
4864 47
4865 2616
4867 23
4869 5
4869 1624
4870 6
4872 359
4872 1531
4874 25
4877 1
4877 3965
4878 544
4879 4110
4879 4516
4881 1120
4882 551
4883 1761
4884 723
4886 14
4886 1538
4886 3799
4887 1727
4888 968
4888 1622
4888 3216
4889 1838
4890 858
4892 706
4896 359
4897 2650
4899 21
4900 2255
4901 225
4902 893
4902 4367
4903 706
4904 63
4905 1014
4905 3768
4906 827
4906 4809
4909 261
4909 2817
4910 1
4911 2976
4912 4
4916 591
4916 1783
4917 1341
4918 0
4919 291
4920 950
4922 164
4922 4553
4923 14
4924 1019
4925 2228
4926 252
4928 485
4928 1053
4930 3553
4931 113
4931 2054
4932 4696
4933 405
4933 529
4933 4810
4934 47
4936 271
4938 10
4939 29
4939 1802
4941 88
4943 3499
4944 45
4944 73
4945 1543
4945 1770
4947 268
4947 543
4950 2266
4950 2868
4951 11
4951 306
4952 891
4953 191
4955 3316
4957 2
4957 5
4958 562
4958 1293
4960 82
4961 1444
4963 100
4964 342
4965 53
4967 334
4968 3071
4969 142
4969 675
4970 473
4972 0
4974 268
4975 4666
4976 141
4976 3618
4977 4107
4978 1472
4978 3490
4979 10
4980 3443
4982 350
4983 194
4984 10
4985 800
4985 2449
4986 1038
4990 37
4990 132
4991 632
4993 117
4993 956
4997 1231
4999 9
4999 2098
